(-1.9630045657026438, -1.9590415611369412) : 1
(-1.9590415611369412, -1.9550785565712385) : 0
(-1.9550785565712385, -1.9511155520055359) : 0
(-1.9511155520055359, -1.9471525474398332) : 0
(-1.9471525474398332, -1.9431895428741306) : 0
(-1.9431895428741306, -1.939226538308428) : 0
(-1.939226538308428, -1.9352635337427253) : 0
(-1.9352635337427253, -1.9313005291770227) : 0
(-1.9313005291770227, -1.92733752461132) : 1
(-1.92733752461132, -1.9233745200456174) : 1
(-1.9233745200456174, -1.9194115154799147) : 1
(-1.9194115154799147, -1.915448510914212) : 2
(-1.915448510914212, -1.9114855063485094) : 2
(-1.9114855063485094, -1.9075225017828068) : 1
(-1.9075225017828068, -1.9035594972171042) : 0
(-1.9035594972171042, -1.8995964926514015) : 3
(-1.8995964926514015, -1.8956334880856989) : 0
(-1.8956334880856989, -1.8916704835199962) : 1
(-1.8916704835199962, -1.8877074789542936) : 1
(-1.8877074789542936, -1.883744474388591) : 3
(-1.883744474388591, -1.8797814698228883) : 4
(-1.8797814698228883, -1.8758184652571857) : 5
(-1.8758184652571857, -1.871855460691483) : 1
(-1.871855460691483, -1.8678924561257804) : 2
(-1.8678924561257804, -1.8639294515600777) : 2
(-1.8639294515600777, -1.859966446994375) : 3
(-1.859966446994375, -1.8560034424286724) : 5
(-1.8560034424286724, -1.8520404378629698) : 2
(-1.8520404378629698, -1.8480774332972671) : 2
(-1.8480774332972671, -1.8441144287315645) : 5
(-1.8441144287315645, -1.8401514241658619) : 4
(-1.8401514241658619, -1.8361884196001592) : 4
(-1.8361884196001592, -1.8322254150344566) : 6
(-1.8322254150344566, -1.828262410468754) : 5
(-1.828262410468754, -1.8242994059030513) : 6
(-1.8242994059030513, -1.8203364013373486) : 3
(-1.8203364013373486, -1.816373396771646) : 6
(-1.816373396771646, -1.8124103922059434) : 7
(-1.8124103922059434, -1.8084473876402407) : 4
(-1.8084473876402407, -1.804484383074538) : 5
(-1.804484383074538, -1.8005213785088354) : 4
(-1.8005213785088354, -1.7965583739431328) : 8
(-1.7965583739431328, -1.7925953693774301) : 11
(-1.7925953693774301, -1.7886323648117275) : 5
(-1.7886323648117275, -1.7846693602460248) : 8
(-1.7846693602460248, -1.7807063556803222) : 6
(-1.7807063556803222, -1.7767433511146196) : 10
(-1.7767433511146196, -1.772780346548917) : 11
(-1.772780346548917, -1.7688173419832143) : 9
(-1.7688173419832143, -1.7648543374175116) : 5
(-1.7648543374175116, -1.760891332851809) : 6
(-1.760891332851809, -1.7569283282861063) : 15
(-1.7569283282861063, -1.7529653237204037) : 10
(-1.7529653237204037, -1.749002319154701) : 8
(-1.749002319154701, -1.7450393145889984) : 11
(-1.7450393145889984, -1.7410763100232958) : 18
(-1.7410763100232958, -1.7371133054575931) : 10
(-1.7371133054575931, -1.7331503008918905) : 15
(-1.7331503008918905, -1.7291872963261878) : 14
(-1.7291872963261878, -1.7252242917604852) : 12
(-1.7252242917604852, -1.7212612871947826) : 7
(-1.7212612871947826, -1.71729828262908) : 13
(-1.71729828262908, -1.7133352780633773) : 17
(-1.7133352780633773, -1.7093722734976746) : 17
(-1.7093722734976746, -1.705409268931972) : 12
(-1.705409268931972, -1.7014462643662693) : 15
(-1.7014462643662693, -1.6974832598005667) : 21
(-1.6974832598005667, -1.693520255234864) : 14
(-1.693520255234864, -1.6895572506691614) : 17
(-1.6895572506691614, -1.6855942461034588) : 20
(-1.6855942461034588, -1.6816312415377561) : 17
(-1.6816312415377561, -1.6776682369720535) : 16
(-1.6776682369720535, -1.6737052324063508) : 23
(-1.6737052324063508, -1.6697422278406482) : 18
(-1.6697422278406482, -1.6657792232749455) : 26
(-1.6657792232749455, -1.661816218709243) : 24
(-1.661816218709243, -1.6578532141435403) : 21
(-1.6578532141435403, -1.6538902095778376) : 19
(-1.6538902095778376, -1.649927205012135) : 27
(-1.649927205012135, -1.6459642004464323) : 17
(-1.6459642004464323, -1.6420011958807297) : 21
(-1.6420011958807297, -1.638038191315027) : 27
(-1.638038191315027, -1.6340751867493244) : 32
(-1.6340751867493244, -1.6301121821836217) : 27
(-1.6301121821836217, -1.626149177617919) : 34
(-1.626149177617919, -1.6221861730522165) : 29
(-1.6221861730522165, -1.6182231684865138) : 28
(-1.6182231684865138, -1.6142601639208112) : 18
(-1.6142601639208112, -1.6102971593551085) : 24
(-1.6102971593551085, -1.6063341547894059) : 20
(-1.6063341547894059, -1.6023711502237032) : 38
(-1.6023711502237032, -1.5984081456580006) : 35
(-1.5984081456580006, -1.594445141092298) : 41
(-1.594445141092298, -1.5904821365265953) : 32
(-1.5904821365265953, -1.5865191319608927) : 25
(-1.5865191319608927, -1.58255612739519) : 34
(-1.58255612739519, -1.5785931228294874) : 40
(-1.5785931228294874, -1.5746301182637847) : 45
(-1.5746301182637847, -1.570667113698082) : 31
(-1.570667113698082, -1.5667041091323795) : 32
(-1.5667041091323795, -1.5627411045666768) : 33
(-1.5627411045666768, -1.5587781000009742) : 35
(-1.5587781000009742, -1.5548150954352715) : 28
(-1.5548150954352715, -1.5508520908695689) : 33
(-1.5508520908695689, -1.5468890863038662) : 41
(-1.5468890863038662, -1.5429260817381636) : 34
(-1.5429260817381636, -1.538963077172461) : 36
(-1.538963077172461, -1.5350000726067583) : 37
(-1.5350000726067583, -1.5310370680410557) : 54
(-1.5310370680410557, -1.527074063475353) : 50
(-1.527074063475353, -1.5231110589096504) : 41
(-1.5231110589096504, -1.5191480543439477) : 40
(-1.5191480543439477, -1.515185049778245) : 38
(-1.515185049778245, -1.5112220452125424) : 54
(-1.5112220452125424, -1.5072590406468398) : 58
(-1.5072590406468398, -1.5032960360811372) : 48
(-1.5032960360811372, -1.4993330315154345) : 49
(-1.4993330315154345, -1.4953700269497319) : 48
(-1.4953700269497319, -1.4914070223840292) : 49
(-1.4914070223840292, -1.4874440178183266) : 58
(-1.4874440178183266, -1.483481013252624) : 51
(-1.483481013252624, -1.4795180086869213) : 53
(-1.4795180086869213, -1.4755550041212186) : 72
(-1.4755550041212186, -1.471591999555516) : 48
(-1.471591999555516, -1.4676289949898134) : 65
(-1.4676289949898134, -1.4636659904241107) : 61
(-1.4636659904241107, -1.459702985858408) : 50
(-1.459702985858408, -1.4557399812927054) : 51
(-1.4557399812927054, -1.4517769767270028) : 46
(-1.4517769767270028, -1.4478139721613001) : 62
(-1.4478139721613001, -1.4438509675955975) : 68
(-1.4438509675955975, -1.4398879630298949) : 60
(-1.4398879630298949, -1.4359249584641922) : 65
(-1.4359249584641922, -1.4319619538984896) : 50
(-1.4319619538984896, -1.427998949332787) : 59
(-1.427998949332787, -1.4240359447670843) : 63
(-1.4240359447670843, -1.4200729402013816) : 66
(-1.4200729402013816, -1.416109935635679) : 55
(-1.416109935635679, -1.4121469310699764) : 78
(-1.4121469310699764, -1.4081839265042737) : 53
(-1.4081839265042737, -1.404220921938571) : 68
(-1.404220921938571, -1.4002579173728684) : 73
(-1.4002579173728684, -1.3962949128071658) : 63
(-1.3962949128071658, -1.3923319082414631) : 80
(-1.3923319082414631, -1.3883689036757605) : 77
(-1.3883689036757605, -1.3844058991100578) : 78
(-1.3844058991100578, -1.3804428945443552) : 77
(-1.3804428945443552, -1.3764798899786526) : 65
(-1.3764798899786526, -1.37251688541295) : 84
(-1.37251688541295, -1.3685538808472473) : 60
(-1.3685538808472473, -1.3645908762815446) : 81
(-1.3645908762815446, -1.360627871715842) : 78
(-1.360627871715842, -1.3566648671501393) : 80
(-1.3566648671501393, -1.3527018625844367) : 70
(-1.3527018625844367, -1.348738858018734) : 92
(-1.348738858018734, -1.3447758534530314) : 86
(-1.3447758534530314, -1.3408128488873288) : 83
(-1.3408128488873288, -1.3368498443216261) : 85
(-1.3368498443216261, -1.3328868397559235) : 82
(-1.3328868397559235, -1.3289238351902208) : 86
(-1.3289238351902208, -1.3249608306245182) : 93
(-1.3249608306245182, -1.3209978260588155) : 72
(-1.3209978260588155, -1.317034821493113) : 92
(-1.317034821493113, -1.3130718169274103) : 68
(-1.3130718169274103, -1.3091088123617076) : 94
(-1.3091088123617076, -1.305145807796005) : 66
(-1.305145807796005, -1.3011828032303023) : 70
(-1.3011828032303023, -1.2972197986645997) : 78
(-1.2972197986645997, -1.293256794098897) : 84
(-1.293256794098897, -1.2892937895331944) : 73
(-1.2892937895331944, -1.2853307849674918) : 80
(-1.2853307849674918, -1.2813677804017891) : 71
(-1.2813677804017891, -1.2774047758360865) : 80
(-1.2774047758360865, -1.2734417712703838) : 86
(-1.2734417712703838, -1.2694787667046812) : 81
(-1.2694787667046812, -1.2655157621389785) : 85
(-1.2655157621389785, -1.261552757573276) : 93
(-1.261552757573276, -1.2575897530075733) : 108
(-1.2575897530075733, -1.2536267484418706) : 96
(-1.2536267484418706, -1.249663743876168) : 97
(-1.249663743876168, -1.2457007393104653) : 79
(-1.2457007393104653, -1.2417377347447627) : 80
(-1.2417377347447627, -1.23777473017906) : 95
(-1.23777473017906, -1.2338117256133574) : 103
(-1.2338117256133574, -1.2298487210476547) : 81
(-1.2298487210476547, -1.225885716481952) : 92
(-1.225885716481952, -1.2219227119162495) : 87
(-1.2219227119162495, -1.2179597073505468) : 83
(-1.2179597073505468, -1.2139967027848442) : 99
(-1.2139967027848442, -1.2100336982191415) : 86
(-1.2100336982191415, -1.2060706936534389) : 75
(-1.2060706936534389, -1.2021076890877362) : 94
(-1.2021076890877362, -1.1981446845220336) : 100
(-1.1981446845220336, -1.194181679956331) : 83
(-1.194181679956331, -1.1902186753906283) : 92
(-1.1902186753906283, -1.1862556708249257) : 110
(-1.1862556708249257, -1.182292666259223) : 94
(-1.182292666259223, -1.1783296616935204) : 93
(-1.1783296616935204, -1.1743666571278177) : 78
(-1.1743666571278177, -1.170403652562115) : 110
(-1.170403652562115, -1.1664406479964124) : 105
(-1.1664406479964124, -1.1624776434307098) : 86
(-1.1624776434307098, -1.1585146388650072) : 97
(-1.1585146388650072, -1.1545516342993045) : 105
(-1.1545516342993045, -1.1505886297336019) : 104
(-1.1505886297336019, -1.1466256251678992) : 86
(-1.1466256251678992, -1.1426626206021966) : 103
(-1.1426626206021966, -1.138699616036494) : 85
(-1.138699616036494, -1.1347366114707913) : 97
(-1.1347366114707913, -1.1307736069050887) : 93
(-1.1307736069050887, -1.126810602339386) : 88
(-1.126810602339386, -1.1228475977736834) : 101
(-1.1228475977736834, -1.1188845932079807) : 103
(-1.1188845932079807, -1.114921588642278) : 80
(-1.114921588642278, -1.1109585840765754) : 105
(-1.1109585840765754, -1.1069955795108728) : 114
(-1.1069955795108728, -1.1030325749451702) : 98
(-1.1030325749451702, -1.0990695703794675) : 109
(-1.0990695703794675, -1.0951065658137649) : 94
(-1.0951065658137649, -1.0911435612480622) : 99
(-1.0911435612480622, -1.0871805566823596) : 111
(-1.0871805566823596, -1.083217552116657) : 99
(-1.083217552116657, -1.0792545475509543) : 104
(-1.0792545475509543, -1.0752915429852516) : 102
(-1.0752915429852516, -1.071328538419549) : 119
(-1.071328538419549, -1.0673655338538464) : 117
(-1.0673655338538464, -1.0634025292881437) : 106
(-1.0634025292881437, -1.059439524722441) : 120
(-1.059439524722441, -1.0554765201567384) : 97
(-1.0554765201567384, -1.0515135155910358) : 111
(-1.0515135155910358, -1.0475505110253331) : 81
(-1.0475505110253331, -1.0435875064596305) : 120
(-1.0435875064596305, -1.0396245018939279) : 108
(-1.0396245018939279, -1.0356614973282252) : 135
(-1.0356614973282252, -1.0316984927625226) : 105
(-1.0316984927625226, -1.02773548819682) : 118
(-1.02773548819682, -1.0237724836311173) : 102
(-1.0237724836311173, -1.0198094790654146) : 120
(-1.0198094790654146, -1.015846474499712) : 113
(-1.015846474499712, -1.0118834699340093) : 92
(-1.0118834699340093, -1.0079204653683067) : 108
(-1.0079204653683067, -1.003957460802604) : 115
(-1.003957460802604, -0.9999944562369014) : 104
(-0.9999944562369014, -0.9960314516711988) : 120
(-0.9960314516711988, -0.9920684471054961) : 103
(-0.9920684471054961, -0.9881054425397935) : 119
(-0.9881054425397935, -0.9841424379740908) : 115
(-0.9841424379740908, -0.9801794334083882) : 126
(-0.9801794334083882, -0.9762164288426856) : 115
(-0.9762164288426856, -0.9722534242769829) : 117
(-0.9722534242769829, -0.9682904197112803) : 110
(-0.9682904197112803, -0.9643274151455776) : 116
(-0.9643274151455776, -0.960364410579875) : 138
(-0.960364410579875, -0.9564014060141723) : 141
(-0.9564014060141723, -0.9524384014484697) : 103
(-0.9524384014484697, -0.948475396882767) : 108
(-0.948475396882767, -0.9445123923170644) : 126
(-0.9445123923170644, -0.9405493877513618) : 122
(-0.9405493877513618, -0.9365863831856591) : 121
(-0.9365863831856591, -0.9326233786199565) : 100
(-0.9326233786199565, -0.9286603740542538) : 104
(-0.9286603740542538, -0.9246973694885512) : 123
(-0.9246973694885512, -0.9207343649228485) : 133
(-0.9207343649228485, -0.9167713603571459) : 140
(-0.9167713603571459, -0.9128083557914433) : 115
(-0.9128083557914433, -0.9088453512257406) : 141
(-0.9088453512257406, -0.904882346660038) : 133
(-0.904882346660038, -0.9009193420943353) : 128
(-0.9009193420943353, -0.8969563375286327) : 117
(-0.8969563375286327, -0.89299333296293) : 133
(-0.89299333296293, -0.8890303283972274) : 127
(-0.8890303283972274, -0.8850673238315248) : 115
(-0.8850673238315248, -0.8811043192658221) : 122
(-0.8811043192658221, -0.8771413147001195) : 136
(-0.8771413147001195, -0.8731783101344168) : 127
(-0.8731783101344168, -0.8692153055687142) : 144
(-0.8692153055687142, -0.8652523010030115) : 142
(-0.8652523010030115, -0.8612892964373089) : 128
(-0.8612892964373089, -0.8573262918716062) : 144
(-0.8573262918716062, -0.8533632873059036) : 131
(-0.8533632873059036, -0.849400282740201) : 137
(-0.849400282740201, -0.8454372781744983) : 130
(-0.8454372781744983, -0.8414742736087957) : 128
(-0.8414742736087957, -0.837511269043093) : 150
(-0.837511269043093, -0.8335482644773904) : 138
(-0.8335482644773904, -0.8295852599116877) : 126
(-0.8295852599116877, -0.8256222553459851) : 112
(-0.8256222553459851, -0.8216592507802825) : 137
(-0.8216592507802825, -0.8176962462145798) : 142
(-0.8176962462145798, -0.8137332416488772) : 132
(-0.8137332416488772, -0.8097702370831745) : 142
(-0.8097702370831745, -0.8058072325174719) : 132
(-0.8058072325174719, -0.8018442279517692) : 151
(-0.8018442279517692, -0.7978812233860666) : 149
(-0.7978812233860666, -0.793918218820364) : 144
(-0.793918218820364, -0.7899552142546613) : 148
(-0.7899552142546613, -0.7859922096889587) : 166
(-0.7859922096889587, -0.782029205123256) : 175
(-0.782029205123256, -0.7780662005575534) : 146
(-0.7780662005575534, -0.7741031959918507) : 150
(-0.7741031959918507, -0.7701401914261481) : 162
(-0.7701401914261481, -0.7661771868604454) : 140
(-0.7661771868604454, -0.7622141822947428) : 144
(-0.7622141822947428, -0.7582511777290402) : 158
(-0.7582511777290402, -0.7542881731633375) : 152
(-0.7542881731633375, -0.7503251685976349) : 149
(-0.7503251685976349, -0.7463621640319322) : 139
(-0.7463621640319322, -0.7423991594662296) : 146
(-0.7423991594662296, -0.7384361549005269) : 139
(-0.7384361549005269, -0.7344731503348243) : 159
(-0.7344731503348243, -0.7305101457691217) : 141
(-0.7305101457691217, -0.726547141203419) : 134
(-0.726547141203419, -0.7225841366377164) : 152
(-0.7225841366377164, -0.7186211320720137) : 141
(-0.7186211320720137, -0.7146581275063111) : 128
(-0.7146581275063111, -0.7106951229406084) : 168
(-0.7106951229406084, -0.7067321183749058) : 150
(-0.7067321183749058, -0.7027691138092031) : 145
(-0.7027691138092031, -0.6988061092435005) : 167
(-0.6988061092435005, -0.6948431046777979) : 136
(-0.6948431046777979, -0.6908801001120952) : 139
(-0.6908801001120952, -0.6869170955463926) : 140
(-0.6869170955463926, -0.6829540909806899) : 164
(-0.6829540909806899, -0.6789910864149873) : 152
(-0.6789910864149873, -0.6750280818492846) : 147
(-0.6750280818492846, -0.671065077283582) : 156
(-0.671065077283582, -0.6671020727178794) : 141
(-0.6671020727178794, -0.6631390681521767) : 158
(-0.6631390681521767, -0.6591760635864741) : 164
(-0.6591760635864741, -0.6552130590207714) : 166
(-0.6552130590207714, -0.6512500544550688) : 149
(-0.6512500544550688, -0.6472870498893661) : 155
(-0.6472870498893661, -0.6433240453236635) : 156
(-0.6433240453236635, -0.6393610407579609) : 159
(-0.6393610407579609, -0.6353980361922582) : 156
(-0.6353980361922582, -0.6314350316265556) : 145
(-0.6314350316265556, -0.6274720270608529) : 160
(-0.6274720270608529, -0.6235090224951503) : 142
(-0.6235090224951503, -0.6195460179294476) : 150
(-0.6195460179294476, -0.615583013363745) : 150
(-0.615583013363745, -0.6116200087980423) : 150
(-0.6116200087980423, -0.6076570042323397) : 157
(-0.6076570042323397, -0.6036939996666371) : 151
(-0.6036939996666371, -0.5997309951009344) : 146
(-0.5997309951009344, -0.5957679905352318) : 172
(-0.5957679905352318, -0.5918049859695291) : 145
(-0.5918049859695291, -0.5878419814038265) : 151
(-0.5878419814038265, -0.5838789768381238) : 145
(-0.5838789768381238, -0.5799159722724212) : 153
(-0.5799159722724212, -0.5759529677067186) : 158
(-0.5759529677067186, -0.5719899631410159) : 155
(-0.5719899631410159, -0.5680269585753133) : 152
(-0.5680269585753133, -0.5640639540096106) : 132
(-0.5640639540096106, -0.560100949443908) : 148
(-0.560100949443908, -0.5561379448782053) : 165
(-0.5561379448782053, -0.5521749403125027) : 148
(-0.5521749403125027, -0.5482119357468) : 149
(-0.5482119357468, -0.5442489311810974) : 152
(-0.5442489311810974, -0.5402859266153948) : 144
(-0.5402859266153948, -0.5363229220496921) : 173
(-0.5363229220496921, -0.5323599174839895) : 191
(-0.5323599174839895, -0.5283969129182868) : 143
(-0.5283969129182868, -0.5244339083525842) : 162
(-0.5244339083525842, -0.5204709037868815) : 168
(-0.5204709037868815, -0.5165078992211789) : 143
(-0.5165078992211789, -0.5125448946554763) : 163
(-0.5125448946554763, -0.5085818900897736) : 139
(-0.5085818900897736, -0.504618885524071) : 162
(-0.504618885524071, -0.5006558809583683) : 154
(-0.5006558809583683, -0.4966928763926657) : 147
(-0.4966928763926657, -0.49272987182696304) : 164
(-0.49272987182696304, -0.4887668672612604) : 159
(-0.4887668672612604, -0.48480386269555775) : 157
(-0.48480386269555775, -0.4808408581298551) : 145
(-0.4808408581298551, -0.47687785356415247) : 166
(-0.47687785356415247, -0.4729148489984498) : 154
(-0.4729148489984498, -0.4689518444327472) : 158
(-0.4689518444327472, -0.46498883986704453) : 141
(-0.46498883986704453, -0.4610258353013419) : 183
(-0.4610258353013419, -0.45706283073563925) : 157
(-0.45706283073563925, -0.4530998261699366) : 161
(-0.4530998261699366, -0.44913682160423396) : 163
(-0.44913682160423396, -0.4451738170385313) : 151
(-0.4451738170385313, -0.4412108124728287) : 153
(-0.4412108124728287, -0.43724780790712603) : 152
(-0.43724780790712603, -0.4332848033414234) : 163
(-0.4332848033414234, -0.42932179877572074) : 154
(-0.42932179877572074, -0.4253587942100181) : 167
(-0.4253587942100181, -0.42139578964431545) : 157
(-0.42139578964431545, -0.4174327850786128) : 157
(-0.4174327850786128, -0.41346978051291017) : 181
(-0.41346978051291017, -0.4095067759472075) : 154
(-0.4095067759472075, -0.4055437713815049) : 150
(-0.4055437713815049, -0.40158076681580224) : 153
(-0.40158076681580224, -0.3976177622500996) : 133
(-0.3976177622500996, -0.39365475768439695) : 172
(-0.39365475768439695, -0.3896917531186943) : 164
(-0.3896917531186943, -0.38572874855299166) : 169
(-0.38572874855299166, -0.381765743987289) : 138
(-0.381765743987289, -0.3778027394215864) : 181
(-0.3778027394215864, -0.37383973485588373) : 173
(-0.37383973485588373, -0.3698767302901811) : 160
(-0.3698767302901811, -0.36591372572447844) : 160
(-0.36591372572447844, -0.3619507211587758) : 173
(-0.3619507211587758, -0.35798771659307316) : 155
(-0.35798771659307316, -0.3540247120273705) : 152
(-0.3540247120273705, -0.35006170746166787) : 165
(-0.35006170746166787, -0.3460987028959652) : 155
(-0.3460987028959652, -0.3421356983302626) : 149
(-0.3421356983302626, -0.33817269376455994) : 161
(-0.33817269376455994, -0.3342096891988573) : 175
(-0.3342096891988573, -0.33024668463315465) : 162
(-0.33024668463315465, -0.326283680067452) : 179
(-0.326283680067452, -0.32232067550174937) : 175
(-0.32232067550174937, -0.3183576709360467) : 174
(-0.3183576709360467, -0.3143946663703441) : 139
(-0.3143946663703441, -0.31043166180464143) : 164
(-0.31043166180464143, -0.3064686572389388) : 163
(-0.3064686572389388, -0.30250565267323615) : 167
(-0.30250565267323615, -0.2985426481075335) : 157
(-0.2985426481075335, -0.29457964354183086) : 157
(-0.29457964354183086, -0.2906166389761282) : 152
(-0.2906166389761282, -0.2866536344104256) : 173
(-0.2866536344104256, -0.28269062984472293) : 148
(-0.28269062984472293, -0.2787276252790203) : 154
(-0.2787276252790203, -0.27476462071331764) : 162
(-0.27476462071331764, -0.270801616147615) : 142
(-0.270801616147615, -0.26683861158191235) : 168
(-0.26683861158191235, -0.2628756070162097) : 156
(-0.2628756070162097, -0.25891260245050707) : 165
(-0.25891260245050707, -0.2549495978848044) : 171
(-0.2549495978848044, -0.2509865933191018) : 172
(-0.2509865933191018, -0.24702358875339914) : 149
(-0.24702358875339914, -0.2430605841876965) : 174
(-0.2430605841876965, -0.23909757962199385) : 164
(-0.23909757962199385, -0.2351345750562912) : 155
(-0.2351345750562912, -0.23117157049058856) : 163
(-0.23117157049058856, -0.22720856592488592) : 175
(-0.22720856592488592, -0.22324556135918328) : 141
(-0.22324556135918328, -0.21928255679348063) : 157
(-0.21928255679348063, -0.215319552227778) : 159
(-0.215319552227778, -0.21135654766207534) : 157
(-0.21135654766207534, -0.2073935430963727) : 151
(-0.2073935430963727, -0.20343053853067006) : 159
(-0.20343053853067006, -0.19946753396496741) : 159
(-0.19946753396496741, -0.19550452939926477) : 169
(-0.19550452939926477, -0.19154152483356213) : 162
(-0.19154152483356213, -0.18757852026785948) : 163
(-0.18757852026785948, -0.18361551570215684) : 142
(-0.18361551570215684, -0.1796525111364542) : 161
(-0.1796525111364542, -0.17568950657075155) : 176
(-0.17568950657075155, -0.1717265020050489) : 152
(-0.1717265020050489, -0.16776349743934627) : 143
(-0.16776349743934627, -0.16380049287364362) : 147
(-0.16380049287364362, -0.15983748830794098) : 140
(-0.15983748830794098, -0.15587448374223833) : 156
(-0.15587448374223833, -0.1519114791765357) : 144
(-0.1519114791765357, -0.14794847461083305) : 160
(-0.14794847461083305, -0.1439854700451304) : 140
(-0.1439854700451304, -0.14002246547942776) : 130
(-0.14002246547942776, -0.13605946091372512) : 148
(-0.13605946091372512, -0.13209645634802247) : 137
(-0.13209645634802247, -0.12813345178231983) : 137
(-0.12813345178231983, -0.12417044721661719) : 156
(-0.12417044721661719, -0.12020744265091454) : 133
(-0.12020744265091454, -0.1162444380852119) : 140
(-0.1162444380852119, -0.11228143351950925) : 130
(-0.11228143351950925, -0.10831842895380661) : 143
(-0.10831842895380661, -0.10435542438810397) : 137
(-0.10435542438810397, -0.10039241982240132) : 153
(-0.10039241982240132, -0.09642941525669868) : 148
(-0.09642941525669868, -0.09246641069099604) : 133
(-0.09246641069099604, -0.0885034061252934) : 143
(-0.0885034061252934, -0.08454040155959075) : 142
(-0.08454040155959075, -0.0805773969938881) : 154
(-0.0805773969938881, -0.07661439242818546) : 166
(-0.07661439242818546, -0.07265138786248282) : 130
(-0.07265138786248282, -0.06868838329678018) : 133
(-0.06868838329678018, -0.06472537873107753) : 130
(-0.06472537873107753, -0.06076237416537489) : 143
(-0.06076237416537489, -0.056799369599672245) : 133
(-0.056799369599672245, -0.0528363650339696) : 129
(-0.0528363650339696, -0.04887336046826696) : 149
(-0.04887336046826696, -0.044910355902564314) : 117
(-0.044910355902564314, -0.04094735133686167) : 136
(-0.04094735133686167, -0.03698434677115903) : 127
(-0.03698434677115903, -0.03302134220545638) : 142
(-0.03302134220545638, -0.02905833763975374) : 156
(-0.02905833763975374, -0.025095333074051096) : 143
(-0.025095333074051096, -0.021132328508348452) : 143
(-0.021132328508348452, -0.01716932394264581) : 149
(-0.01716932394264581, -0.013206319376943165) : 102
(-0.013206319376943165, -0.009243314811240522) : 136
(-0.009243314811240522, -0.005280310245537878) : 119
(-0.005280310245537878, -0.0013173056798352345) : 128
(-0.0013173056798352345, 0.002645698885867409) : 115
(0.002645698885867409, 0.006608703451570053) : 136
(0.006608703451570053, 0.010571708017272696) : 124
(0.010571708017272696, 0.01453471258297534) : 118
(0.01453471258297534, 0.018497717148677983) : 120
(0.018497717148677983, 0.022460721714380627) : 151
(0.022460721714380627, 0.02642372628008327) : 137
(0.02642372628008327, 0.030386730845785914) : 152
(0.030386730845785914, 0.03434973541148856) : 147
(0.03434973541148856, 0.0383127399771912) : 141
(0.0383127399771912, 0.042275744542893845) : 137
(0.042275744542893845, 0.04623874910859649) : 128
(0.04623874910859649, 0.05020175367429913) : 116
(0.05020175367429913, 0.054164758240001776) : 150
(0.054164758240001776, 0.05812776280570442) : 139
(0.05812776280570442, 0.06209076737140706) : 125
(0.06209076737140706, 0.0660537719371097) : 147
(0.0660537719371097, 0.07001677650281235) : 123
(0.07001677650281235, 0.073979781068515) : 130
(0.073979781068515, 0.07794278563421764) : 138
(0.07794278563421764, 0.08190579019992028) : 173
(0.08190579019992028, 0.08586879476562292) : 141
(0.08586879476562292, 0.08983179933132557) : 148
(0.08983179933132557, 0.09379480389702821) : 139
(0.09379480389702821, 0.09775780846273086) : 141
(0.09775780846273086, 0.1017208130284335) : 149
(0.1017208130284335, 0.10568381759413614) : 146
(0.10568381759413614, 0.10964682215983879) : 146
(0.10964682215983879, 0.11360982672554143) : 135
(0.11360982672554143, 0.11757283129124407) : 130
(0.11757283129124407, 0.12153583585694672) : 136
(0.12153583585694672, 0.12549884042264936) : 138
(0.12549884042264936, 0.129461844988352) : 149
(0.129461844988352, 0.13342484955405465) : 145
(0.13342484955405465, 0.1373878541197573) : 142
(0.1373878541197573, 0.14135085868545993) : 139
(0.14135085868545993, 0.14531386325116258) : 127
(0.14531386325116258, 0.14927686781686522) : 149
(0.14927686781686522, 0.15323987238256787) : 160
(0.15323987238256787, 0.1572028769482705) : 145
(0.1572028769482705, 0.16116588151397315) : 143
(0.16116588151397315, 0.1651288860796758) : 164
(0.1651288860796758, 0.16909189064537844) : 134
(0.16909189064537844, 0.17305489521108108) : 146
(0.17305489521108108, 0.17701789977678373) : 150
(0.17701789977678373, 0.18098090434248637) : 173
(0.18098090434248637, 0.18494390890818901) : 156
(0.18494390890818901, 0.18890691347389166) : 141
(0.18890691347389166, 0.1928699180395943) : 182
(0.1928699180395943, 0.19683292260529694) : 159
(0.19683292260529694, 0.2007959271709996) : 172
(0.2007959271709996, 0.20475893173670223) : 156
(0.20475893173670223, 0.20872193630240488) : 159
(0.20872193630240488, 0.21268494086810752) : 151
(0.21268494086810752, 0.21664794543381016) : 157
(0.21664794543381016, 0.2206109499995128) : 147
(0.2206109499995128, 0.22457395456521545) : 158
(0.22457395456521545, 0.2285369591309181) : 146
(0.2285369591309181, 0.23249996369662074) : 171
(0.23249996369662074, 0.23646296826232338) : 166
(0.23646296826232338, 0.24042597282802602) : 161
(0.24042597282802602, 0.24438897739372867) : 156
(0.24438897739372867, 0.2483519819594313) : 181
(0.2483519819594313, 0.25231498652513396) : 150
(0.25231498652513396, 0.2562779910908366) : 175
(0.2562779910908366, 0.26024099565653924) : 166
(0.26024099565653924, 0.2642040002222419) : 172
(0.2642040002222419, 0.26816700478794453) : 144
(0.26816700478794453, 0.2721300093536472) : 159
(0.2721300093536472, 0.2760930139193498) : 167
(0.2760930139193498, 0.28005601848505246) : 147
(0.28005601848505246, 0.2840190230507551) : 153
(0.2840190230507551, 0.28798202761645775) : 152
(0.28798202761645775, 0.2919450321821604) : 164
(0.2919450321821604, 0.29590803674786303) : 165
(0.29590803674786303, 0.2998710413135657) : 168
(0.2998710413135657, 0.3038340458792683) : 140
(0.3038340458792683, 0.30779705044497097) : 185
(0.30779705044497097, 0.3117600550106736) : 146
(0.3117600550106736, 0.31572305957637625) : 152
(0.31572305957637625, 0.3196860641420789) : 142
(0.3196860641420789, 0.32364906870778154) : 189
(0.32364906870778154, 0.3276120732734842) : 186
(0.3276120732734842, 0.3315750778391868) : 159
(0.3315750778391868, 0.33553808240488947) : 159
(0.33553808240488947, 0.3395010869705921) : 191
(0.3395010869705921, 0.34346409153629476) : 141
(0.34346409153629476, 0.3474270961019974) : 162
(0.3474270961019974, 0.35139010066770004) : 163
(0.35139010066770004, 0.3553531052334027) : 155
(0.3553531052334027, 0.35931610979910533) : 153
(0.35931610979910533, 0.363279114364808) : 169
(0.363279114364808, 0.3672421189305106) : 165
(0.3672421189305106, 0.37120512349621326) : 145
(0.37120512349621326, 0.3751681280619159) : 164
(0.3751681280619159, 0.37913113262761855) : 179
(0.37913113262761855, 0.3830941371933212) : 180
(0.3830941371933212, 0.38705714175902384) : 139
(0.38705714175902384, 0.3910201463247265) : 163
(0.3910201463247265, 0.3949831508904291) : 176
(0.3949831508904291, 0.39894615545613177) : 158
(0.39894615545613177, 0.4029091600218344) : 143
(0.4029091600218344, 0.40687216458753706) : 142
(0.40687216458753706, 0.4108351691532397) : 153
(0.4108351691532397, 0.41479817371894234) : 153
(0.41479817371894234, 0.418761178284645) : 196
(0.418761178284645, 0.42272418285034763) : 145
(0.42272418285034763, 0.4266871874160503) : 158
(0.4266871874160503, 0.4306501919817529) : 163
(0.4306501919817529, 0.43461319654745556) : 161
(0.43461319654745556, 0.4385762011131582) : 156
(0.4385762011131582, 0.44253920567886085) : 147
(0.44253920567886085, 0.4465022102445635) : 168
(0.4465022102445635, 0.45046521481026613) : 161
(0.45046521481026613, 0.4544282193759688) : 149
(0.4544282193759688, 0.4583912239416714) : 153
(0.4583912239416714, 0.46235422850737407) : 176
(0.46235422850737407, 0.4663172330730767) : 167
(0.4663172330730767, 0.47028023763877935) : 149
(0.47028023763877935, 0.474243242204482) : 152
(0.474243242204482, 0.47820624677018464) : 166
(0.47820624677018464, 0.4821692513358873) : 151
(0.4821692513358873, 0.4861322559015899) : 145
(0.4861322559015899, 0.49009526046729257) : 175
(0.49009526046729257, 0.4940582650329952) : 149
(0.4940582650329952, 0.49802126959869786) : 154
(0.49802126959869786, 0.5019842741644005) : 149
(0.5019842741644005, 0.5059472787301031) : 158
(0.5059472787301031, 0.5099102832958058) : 153
(0.5099102832958058, 0.5138732878615084) : 157
(0.5138732878615084, 0.5178362924272111) : 149
(0.5178362924272111, 0.5217992969929137) : 149
(0.5217992969929137, 0.5257623015586164) : 174
(0.5257623015586164, 0.529725306124319) : 157
(0.529725306124319, 0.5336883106900217) : 160
(0.5336883106900217, 0.5376513152557243) : 172
(0.5376513152557243, 0.5416143198214269) : 174
(0.5416143198214269, 0.5455773243871296) : 144
(0.5455773243871296, 0.5495403289528322) : 141
(0.5495403289528322, 0.5535033335185349) : 160
(0.5535033335185349, 0.5574663380842375) : 145
(0.5574663380842375, 0.5614293426499402) : 169
(0.5614293426499402, 0.5653923472156428) : 142
(0.5653923472156428, 0.5693553517813454) : 136
(0.5693553517813454, 0.5733183563470481) : 149
(0.5733183563470481, 0.5772813609127507) : 157
(0.5772813609127507, 0.5812443654784534) : 149
(0.5812443654784534, 0.585207370044156) : 152
(0.585207370044156, 0.5891703746098587) : 155
(0.5891703746098587, 0.5931333791755613) : 146
(0.5931333791755613, 0.597096383741264) : 155
(0.597096383741264, 0.6010593883069666) : 158
(0.6010593883069666, 0.6050223928726692) : 155
(0.6050223928726692, 0.6089853974383719) : 146
(0.6089853974383719, 0.6129484020040745) : 159
(0.6129484020040745, 0.6169114065697772) : 149
(0.6169114065697772, 0.6208744111354798) : 142
(0.6208744111354798, 0.6248374157011825) : 159
(0.6248374157011825, 0.6288004202668851) : 147
(0.6288004202668851, 0.6327634248325877) : 164
(0.6327634248325877, 0.6367264293982904) : 133
(0.6367264293982904, 0.640689433963993) : 164
(0.640689433963993, 0.6446524385296957) : 164
(0.6446524385296957, 0.6486154430953983) : 142
(0.6486154430953983, 0.652578447661101) : 154
(0.652578447661101, 0.6565414522268036) : 163
(0.6565414522268036, 0.6605044567925062) : 162
(0.6605044567925062, 0.6644674613582089) : 156
(0.6644674613582089, 0.6684304659239115) : 167
(0.6684304659239115, 0.6723934704896142) : 147
(0.6723934704896142, 0.6763564750553168) : 141
(0.6763564750553168, 0.6803194796210195) : 145
(0.6803194796210195, 0.6842824841867221) : 159
(0.6842824841867221, 0.6882454887524247) : 161
(0.6882454887524247, 0.6922084933181274) : 133
(0.6922084933181274, 0.69617149788383) : 142
(0.69617149788383, 0.7001345024495327) : 151
(0.7001345024495327, 0.7040975070152353) : 157
(0.7040975070152353, 0.708060511580938) : 148
(0.708060511580938, 0.7120235161466406) : 163
(0.7120235161466406, 0.7159865207123433) : 150
(0.7159865207123433, 0.7199495252780459) : 129
(0.7199495252780459, 0.7239125298437485) : 134
(0.7239125298437485, 0.7278755344094512) : 161
(0.7278755344094512, 0.7318385389751538) : 140
(0.7318385389751538, 0.7358015435408565) : 139
(0.7358015435408565, 0.7397645481065591) : 147
(0.7397645481065591, 0.7437275526722618) : 140
(0.7437275526722618, 0.7476905572379644) : 154
(0.7476905572379644, 0.751653561803667) : 147
(0.751653561803667, 0.7556165663693697) : 142
(0.7556165663693697, 0.7595795709350723) : 154
(0.7595795709350723, 0.763542575500775) : 150
(0.763542575500775, 0.7675055800664776) : 140
(0.7675055800664776, 0.7714685846321803) : 152
(0.7714685846321803, 0.7754315891978829) : 151
(0.7754315891978829, 0.7793945937635856) : 149
(0.7793945937635856, 0.7833575983292882) : 164
(0.7833575983292882, 0.7873206028949908) : 165
(0.7873206028949908, 0.7912836074606935) : 166
(0.7912836074606935, 0.7952466120263961) : 152
(0.7952466120263961, 0.7992096165920988) : 146
(0.7992096165920988, 0.8031726211578014) : 142
(0.8031726211578014, 0.8071356257235041) : 144
(0.8071356257235041, 0.8110986302892067) : 135
(0.8110986302892067, 0.8150616348549093) : 146
(0.8150616348549093, 0.819024639420612) : 139
(0.819024639420612, 0.8229876439863146) : 126
(0.8229876439863146, 0.8269506485520173) : 131
(0.8269506485520173, 0.8309136531177199) : 128
(0.8309136531177199, 0.8348766576834226) : 122
(0.8348766576834226, 0.8388396622491252) : 141
(0.8388396622491252, 0.8428026668148278) : 152
(0.8428026668148278, 0.8467656713805305) : 113
(0.8467656713805305, 0.8507286759462331) : 144
(0.8507286759462331, 0.8546916805119358) : 130
(0.8546916805119358, 0.8586546850776384) : 150
(0.8586546850776384, 0.8626176896433411) : 127
(0.8626176896433411, 0.8665806942090437) : 127
(0.8665806942090437, 0.8705436987747464) : 149
(0.8705436987747464, 0.874506703340449) : 137
(0.874506703340449, 0.8784697079061516) : 139
(0.8784697079061516, 0.8824327124718543) : 120
(0.8824327124718543, 0.8863957170375569) : 121
(0.8863957170375569, 0.8903587216032596) : 119
(0.8903587216032596, 0.8943217261689622) : 121
(0.8943217261689622, 0.8982847307346649) : 129
(0.8982847307346649, 0.9022477353003675) : 133
(0.9022477353003675, 0.9062107398660701) : 119
(0.9062107398660701, 0.9101737444317728) : 134
(0.9101737444317728, 0.9141367489974754) : 144
(0.9141367489974754, 0.9180997535631781) : 126
(0.9180997535631781, 0.9220627581288807) : 128
(0.9220627581288807, 0.9260257626945834) : 135
(0.9260257626945834, 0.929988767260286) : 120
(0.929988767260286, 0.9339517718259887) : 98
(0.9339517718259887, 0.9379147763916913) : 103
(0.9379147763916913, 0.9418777809573939) : 114
(0.9418777809573939, 0.9458407855230966) : 131
(0.9458407855230966, 0.9498037900887992) : 122
(0.9498037900887992, 0.9537667946545019) : 103
(0.9537667946545019, 0.9577297992202045) : 123
(0.9577297992202045, 0.9616928037859072) : 144
(0.9616928037859072, 0.9656558083516098) : 127
(0.9656558083516098, 0.9696188129173124) : 110
(0.9696188129173124, 0.9735818174830151) : 112
(0.9735818174830151, 0.9775448220487177) : 133
(0.9775448220487177, 0.9815078266144204) : 113
(0.9815078266144204, 0.985470831180123) : 111
(0.985470831180123, 0.9894338357458257) : 110
(0.9894338357458257, 0.9933968403115283) : 112
(0.9933968403115283, 0.997359844877231) : 110
(0.997359844877231, 1.0013228494429336) : 117
(1.0013228494429336, 1.0052858540086362) : 105
(1.0052858540086362, 1.0092488585743389) : 114
(1.0092488585743389, 1.0132118631400415) : 103
(1.0132118631400415, 1.0171748677057442) : 104
(1.0171748677057442, 1.0211378722714468) : 124
(1.0211378722714468, 1.0251008768371495) : 102
(1.0251008768371495, 1.029063881402852) : 108
(1.029063881402852, 1.0330268859685547) : 115
(1.0330268859685547, 1.0369898905342574) : 122
(1.0369898905342574, 1.04095289509996) : 121
(1.04095289509996, 1.0449158996656627) : 114
(1.0449158996656627, 1.0488789042313653) : 100
(1.0488789042313653, 1.052841908797068) : 98
(1.052841908797068, 1.0568049133627706) : 102
(1.0568049133627706, 1.0607679179284732) : 102
(1.0607679179284732, 1.064730922494176) : 111
(1.064730922494176, 1.0686939270598785) : 115
(1.0686939270598785, 1.0726569316255812) : 123
(1.0726569316255812, 1.0766199361912838) : 115
(1.0766199361912838, 1.0805829407569865) : 105
(1.0805829407569865, 1.084545945322689) : 99
(1.084545945322689, 1.0885089498883918) : 103
(1.0885089498883918, 1.0924719544540944) : 105
(1.0924719544540944, 1.096434959019797) : 100
(1.096434959019797, 1.1003979635854997) : 101
(1.1003979635854997, 1.1043609681512023) : 98
(1.1043609681512023, 1.108323972716905) : 102
(1.108323972716905, 1.1122869772826076) : 103
(1.1122869772826076, 1.1162499818483103) : 105
(1.1162499818483103, 1.120212986414013) : 92
(1.120212986414013, 1.1241759909797155) : 101
(1.1241759909797155, 1.1281389955454182) : 100
(1.1281389955454182, 1.1321020001111208) : 94
(1.1321020001111208, 1.1360650046768235) : 80
(1.1360650046768235, 1.1400280092425261) : 101
(1.1400280092425261, 1.1439910138082288) : 88
(1.1439910138082288, 1.1479540183739314) : 95
(1.1479540183739314, 1.151917022939634) : 101
(1.151917022939634, 1.1558800275053367) : 105
(1.1558800275053367, 1.1598430320710393) : 96
(1.1598430320710393, 1.163806036636742) : 91
(1.163806036636742, 1.1677690412024446) : 97
(1.1677690412024446, 1.1717320457681473) : 103
(1.1717320457681473, 1.17569505033385) : 99
(1.17569505033385, 1.1796580548995526) : 93
(1.1796580548995526, 1.1836210594652552) : 82
(1.1836210594652552, 1.1875840640309578) : 103
(1.1875840640309578, 1.1915470685966605) : 107
(1.1915470685966605, 1.1955100731623631) : 87
(1.1955100731623631, 1.1994730777280658) : 91
(1.1994730777280658, 1.2034360822937684) : 96
(1.2034360822937684, 1.207399086859471) : 86
(1.207399086859471, 1.2113620914251737) : 73
(1.2113620914251737, 1.2153250959908763) : 92
(1.2153250959908763, 1.219288100556579) : 99
(1.219288100556579, 1.2232511051222816) : 81
(1.2232511051222816, 1.2272141096879843) : 95
(1.2272141096879843, 1.231177114253687) : 84
(1.231177114253687, 1.2351401188193896) : 88
(1.2351401188193896, 1.2391031233850922) : 104
(1.2391031233850922, 1.2430661279507949) : 79
(1.2430661279507949, 1.2470291325164975) : 94
(1.2470291325164975, 1.2509921370822001) : 78
(1.2509921370822001, 1.2549551416479028) : 90
(1.2549551416479028, 1.2589181462136054) : 103
(1.2589181462136054, 1.262881150779308) : 101
(1.262881150779308, 1.2668441553450107) : 100
(1.2668441553450107, 1.2708071599107134) : 80
(1.2708071599107134, 1.274770164476416) : 78
(1.274770164476416, 1.2787331690421186) : 95
(1.2787331690421186, 1.2826961736078213) : 72
(1.2826961736078213, 1.286659178173524) : 74
(1.286659178173524, 1.2906221827392266) : 75
(1.2906221827392266, 1.2945851873049292) : 82
(1.2945851873049292, 1.2985481918706319) : 77
(1.2985481918706319, 1.3025111964363345) : 77
(1.3025111964363345, 1.3064742010020371) : 73
(1.3064742010020371, 1.3104372055677398) : 74
(1.3104372055677398, 1.3144002101334424) : 82
(1.3144002101334424, 1.318363214699145) : 77
(1.318363214699145, 1.3223262192648477) : 86
(1.3223262192648477, 1.3262892238305504) : 73
(1.3262892238305504, 1.330252228396253) : 95
(1.330252228396253, 1.3342152329619557) : 90
(1.3342152329619557, 1.3381782375276583) : 75
(1.3381782375276583, 1.342141242093361) : 86
(1.342141242093361, 1.3461042466590636) : 90
(1.3461042466590636, 1.3500672512247662) : 87
(1.3500672512247662, 1.3540302557904689) : 80
(1.3540302557904689, 1.3579932603561715) : 71
(1.3579932603561715, 1.3619562649218742) : 83
(1.3619562649218742, 1.3659192694875768) : 71
(1.3659192694875768, 1.3698822740532794) : 76
(1.3698822740532794, 1.373845278618982) : 69
(1.373845278618982, 1.3778082831846847) : 75
(1.3778082831846847, 1.3817712877503874) : 76
(1.3817712877503874, 1.38573429231609) : 84
(1.38573429231609, 1.3896972968817927) : 74
(1.3896972968817927, 1.3936603014474953) : 69
(1.3936603014474953, 1.397623306013198) : 81
(1.397623306013198, 1.4015863105789006) : 64
(1.4015863105789006, 1.4055493151446032) : 75
(1.4055493151446032, 1.4095123197103059) : 58
(1.4095123197103059, 1.4134753242760085) : 68
(1.4134753242760085, 1.4174383288417112) : 66
(1.4174383288417112, 1.4214013334074138) : 69
(1.4214013334074138, 1.4253643379731165) : 60
(1.4253643379731165, 1.429327342538819) : 59
(1.429327342538819, 1.4332903471045217) : 53
(1.4332903471045217, 1.4372533516702244) : 61
(1.4372533516702244, 1.441216356235927) : 56
(1.441216356235927, 1.4451793608016297) : 64
(1.4451793608016297, 1.4491423653673323) : 62
(1.4491423653673323, 1.453105369933035) : 72
(1.453105369933035, 1.4570683744987376) : 32
(1.4570683744987376, 1.4610313790644402) : 59
(1.4610313790644402, 1.464994383630143) : 48
(1.464994383630143, 1.4689573881958455) : 62
(1.4689573881958455, 1.4729203927615482) : 65
(1.4729203927615482, 1.4768833973272508) : 56
(1.4768833973272508, 1.4808464018929535) : 61
(1.4808464018929535, 1.4848094064586561) : 55
(1.4848094064586561, 1.4887724110243588) : 55
(1.4887724110243588, 1.4927354155900614) : 60
(1.4927354155900614, 1.496698420155764) : 44
(1.496698420155764, 1.5006614247214667) : 42
(1.5006614247214667, 1.5046244292871693) : 54
(1.5046244292871693, 1.508587433852872) : 51
(1.508587433852872, 1.5125504384185746) : 55
(1.5125504384185746, 1.5165134429842773) : 47
(1.5165134429842773, 1.52047644754998) : 41
(1.52047644754998, 1.5244394521156825) : 40
(1.5244394521156825, 1.5284024566813852) : 46
(1.5284024566813852, 1.5323654612470878) : 52
(1.5323654612470878, 1.5363284658127905) : 48
(1.5363284658127905, 1.5402914703784931) : 28
(1.5402914703784931, 1.5442544749441958) : 44
(1.5442544749441958, 1.5482174795098984) : 34
(1.5482174795098984, 1.552180484075601) : 35
(1.552180484075601, 1.5561434886413037) : 32
(1.5561434886413037, 1.5601064932070063) : 31
(1.5601064932070063, 1.564069497772709) : 35
(1.564069497772709, 1.5680325023384116) : 31
(1.5680325023384116, 1.5719955069041143) : 32
(1.5719955069041143, 1.575958511469817) : 38
(1.575958511469817, 1.5799215160355196) : 41
(1.5799215160355196, 1.5838845206012222) : 42
(1.5838845206012222, 1.5878475251669248) : 30
(1.5878475251669248, 1.5918105297326275) : 25
(1.5918105297326275, 1.5957735342983301) : 33
(1.5957735342983301, 1.5997365388640328) : 42
(1.5997365388640328, 1.6036995434297354) : 35
(1.6036995434297354, 1.607662547995438) : 31
(1.607662547995438, 1.6116255525611407) : 28
(1.6116255525611407, 1.6155885571268433) : 20
(1.6155885571268433, 1.619551561692546) : 19
(1.619551561692546, 1.6235145662582486) : 25
(1.6235145662582486, 1.6274775708239513) : 39
(1.6274775708239513, 1.631440575389654) : 25
(1.631440575389654, 1.6354035799553566) : 28
(1.6354035799553566, 1.6393665845210592) : 33
(1.6393665845210592, 1.6433295890867619) : 27
(1.6433295890867619, 1.6472925936524645) : 19
(1.6472925936524645, 1.6512555982181671) : 17
(1.6512555982181671, 1.6552186027838698) : 29
(1.6552186027838698, 1.6591816073495724) : 14
(1.6591816073495724, 1.663144611915275) : 26
(1.663144611915275, 1.6671076164809777) : 24
(1.6671076164809777, 1.6710706210466804) : 26
(1.6710706210466804, 1.675033625612383) : 16
(1.675033625612383, 1.6789966301780856) : 25
(1.6789966301780856, 1.6829596347437883) : 12
(1.6829596347437883, 1.686922639309491) : 18
(1.686922639309491, 1.6908856438751936) : 19
(1.6908856438751936, 1.6948486484408962) : 17
(1.6948486484408962, 1.6988116530065989) : 16
(1.6988116530065989, 1.7027746575723015) : 18
(1.7027746575723015, 1.7067376621380042) : 13
(1.7067376621380042, 1.7107006667037068) : 15
(1.7107006667037068, 1.7146636712694094) : 17
(1.7146636712694094, 1.718626675835112) : 16
(1.718626675835112, 1.7225896804008147) : 9
(1.7225896804008147, 1.7265526849665174) : 11
(1.7265526849665174, 1.73051568953222) : 12
(1.73051568953222, 1.7344786940979227) : 16
(1.7344786940979227, 1.7384416986636253) : 11
(1.7384416986636253, 1.742404703229328) : 15
(1.742404703229328, 1.7463677077950306) : 15
(1.7463677077950306, 1.7503307123607332) : 9
(1.7503307123607332, 1.7542937169264359) : 11
(1.7542937169264359, 1.7582567214921385) : 7
(1.7582567214921385, 1.7622197260578412) : 15
(1.7622197260578412, 1.7661827306235438) : 6
(1.7661827306235438, 1.7701457351892464) : 5
(1.7701457351892464, 1.774108739754949) : 12
(1.774108739754949, 1.7780717443206517) : 9
(1.7780717443206517, 1.7820347488863544) : 9
(1.7820347488863544, 1.785997753452057) : 6
(1.785997753452057, 1.7899607580177597) : 8
(1.7899607580177597, 1.7939237625834623) : 5
(1.7939237625834623, 1.797886767149165) : 9
(1.797886767149165, 1.8018497717148676) : 9
(1.8018497717148676, 1.8058127762805702) : 4
(1.8058127762805702, 1.8097757808462729) : 6
(1.8097757808462729, 1.8137387854119755) : 5
(1.8137387854119755, 1.8177017899776782) : 7
(1.8177017899776782, 1.8216647945433808) : 3
(1.8216647945433808, 1.8256277991090835) : 4
(1.8256277991090835, 1.829590803674786) : 9
(1.829590803674786, 1.8335538082404887) : 3
(1.8335538082404887, 1.8375168128061914) : 5
(1.8375168128061914, 1.841479817371894) : 5
(1.841479817371894, 1.8454428219375967) : 4
(1.8454428219375967, 1.8494058265032993) : 3
(1.8494058265032993, 1.853368831069002) : 4
(1.853368831069002, 1.8573318356347046) : 2
(1.8573318356347046, 1.8612948402004073) : 3
(1.8612948402004073, 1.86525784476611) : 4
(1.86525784476611, 1.8692208493318125) : 2
(1.8692208493318125, 1.8731838538975152) : 1
(1.8731838538975152, 1.8771468584632178) : 1
(1.8771468584632178, 1.8811098630289205) : 8
(1.8811098630289205, 1.8850728675946231) : 1
(1.8850728675946231, 1.8890358721603258) : 4
(1.8890358721603258, 1.8929988767260284) : 0
(1.8929988767260284, 1.896961881291731) : 1
(1.896961881291731, 1.9009248858574337) : 2
(1.9009248858574337, 1.9048878904231363) : 1
(1.9048878904231363, 1.908850894988839) : 1
(1.908850894988839, 1.9128138995545416) : 0
(1.9128138995545416, 1.9167769041202443) : 3
(1.9167769041202443, 1.920739908685947) : 1
(1.920739908685947, 1.9247029132516495) : 1
(1.9247029132516495, 1.9286659178173522) : 2
(1.9286659178173522, 1.9326289223830548) : 0
(1.9326289223830548, 1.9365919269487575) : 0
(1.9365919269487575, 1.9405549315144601) : 0
(1.9405549315144601, 1.9445179360801628) : 0
(1.9445179360801628, 1.9484809406458654) : 0
(1.9484809406458654, 1.952443945211568) : 0
(1.952443945211568, 1.9564069497772707) : 0
(1.9564069497772707, 1.9603699543429733) : 0
(1.9603699543429733, 1.964332958908676) : 1
(1.964332958908676, 1.9682959634743786) : 0
(1.9682959634743786, 1.9722589680400813) : 0
(1.9722589680400813, 1.976221972605784) : 0
(1.976221972605784, 1.9801849771714866) : 0
(1.9801849771714866, 1.9841479817371892) : 0
(1.9841479817371892, 1.9881109863028918) : 0
(1.9881109863028918, 1.9920739908685945) : 0
(1.9920739908685945, 1.9960369954342971) : 0
(1.9960369954342971, 1.9999999999999998) : 0
(1.9999999999999998, 2.003963004565702) : 1
