(-396.01950683483466, -395.62148732799983) : 1
(-395.62148732799983, -395.223467821165) : 0
(-395.223467821165, -394.8254483143302) : 0
(-394.8254483143302, -394.42742880749535) : 0
(-394.42742880749535, -394.02940930066046) : 0
(-394.02940930066046, -393.63138979382563) : 0
(-393.63138979382563, -393.2333702869908) : 0
(-393.2333702869908, -392.835350780156) : 0
(-392.835350780156, -392.43733127332115) : 0
(-392.43733127332115, -392.0393117664863) : 0
(-392.0393117664863, -391.6412922596515) : 0
(-391.6412922596515, -391.24327275281667) : 0
(-391.24327275281667, -390.8452532459818) : 0
(-390.8452532459818, -390.44723373914695) : 0
(-390.44723373914695, -390.0492142323121) : 0
(-390.0492142323121, -389.6511947254773) : 0
(-389.6511947254773, -389.25317521864247) : 0
(-389.25317521864247, -388.85515571180764) : 0
(-388.85515571180764, -388.4571362049728) : 0
(-388.4571362049728, -388.059116698138) : 0
(-388.059116698138, -387.66109719130316) : 0
(-387.66109719130316, -387.26307768446827) : 0
(-387.26307768446827, -386.86505817763344) : 0
(-386.86505817763344, -386.4670386707986) : 0
(-386.4670386707986, -386.0690191639638) : 0
(-386.0690191639638, -385.67099965712896) : 0
(-385.67099965712896, -385.27298015029413) : 0
(-385.27298015029413, -384.8749606434593) : 0
(-384.8749606434593, -384.4769411366245) : 0
(-384.4769411366245, -384.07892162978965) : 0
(-384.07892162978965, -383.68090212295476) : 0
(-383.68090212295476, -383.28288261611993) : 0
(-383.28288261611993, -382.8848631092851) : 0
(-382.8848631092851, -382.4868436024503) : 0
(-382.4868436024503, -382.08882409561545) : 0
(-382.08882409561545, -381.6908045887806) : 0
(-381.6908045887806, -381.2927850819458) : 0
(-381.2927850819458, -380.89476557511097) : 0
(-380.89476557511097, -380.4967460682761) : 0
(-380.4967460682761, -380.09872656144125) : 0
(-380.09872656144125, -379.7007070546064) : 0
(-379.7007070546064, -379.3026875477716) : 0
(-379.3026875477716, -378.90466804093677) : 0
(-378.90466804093677, -378.50664853410194) : 0
(-378.50664853410194, -378.1086290272671) : 0
(-378.1086290272671, -377.7106095204323) : 0
(-377.7106095204323, -377.3125900135974) : 0
(-377.3125900135974, -376.9145705067626) : 0
(-376.9145705067626, -376.51655099992774) : 0
(-376.51655099992774, -376.1185314930929) : 0
(-376.1185314930929, -375.7205119862581) : 0
(-375.7205119862581, -375.32249247942326) : 0
(-375.32249247942326, -374.92447297258843) : 0
(-374.92447297258843, -374.5264534657536) : 0
(-374.5264534657536, -374.1284339589188) : 0
(-374.1284339589188, -373.7304144520839) : 0
(-373.7304144520839, -373.33239494524906) : 0
(-373.33239494524906, -372.93437543841424) : 0
(-372.93437543841424, -372.5363559315794) : 0
(-372.5363559315794, -372.1383364247446) : 0
(-372.1383364247446, -371.74031691790975) : 0
(-371.74031691790975, -371.3422974110749) : 0
(-371.3422974110749, -370.9442779042401) : 0
(-370.9442779042401, -370.54625839740527) : 0
(-370.54625839740527, -370.1482388905704) : 0
(-370.1482388905704, -369.75021938373555) : 0
(-369.75021938373555, -369.3521998769007) : 0
(-369.3521998769007, -368.9541803700659) : 0
(-368.9541803700659, -368.55616086323107) : 0
(-368.55616086323107, -368.15814135639624) : 0
(-368.15814135639624, -367.7601218495614) : 0
(-367.7601218495614, -367.3621023427266) : 0
(-367.3621023427266, -366.9640828358917) : 0
(-366.9640828358917, -366.5660633290569) : 0
(-366.5660633290569, -366.16804382222205) : 0
(-366.16804382222205, -365.7700243153872) : 0
(-365.7700243153872, -365.3720048085524) : 0
(-365.3720048085524, -364.97398530171756) : 0
(-364.97398530171756, -364.57596579488273) : 0
(-364.57596579488273, -364.1779462880479) : 0
(-364.1779462880479, -363.779926781213) : 0
(-363.779926781213, -363.3819072743782) : 0
(-363.3819072743782, -362.98388776754337) : 0
(-362.98388776754337, -362.58586826070854) : 0
(-362.58586826070854, -362.1878487538737) : 0
(-362.1878487538737, -361.7898292470389) : 0
(-361.7898292470389, -361.39180974020405) : 0
(-361.39180974020405, -360.9937902333692) : 0
(-360.9937902333692, -360.5957707265344) : 0
(-360.5957707265344, -360.1977512196995) : 0
(-360.1977512196995, -359.7997317128647) : 0
(-359.7997317128647, -359.40171220602986) : 0
(-359.40171220602986, -359.003692699195) : 0
(-359.003692699195, -358.6056731923602) : 0
(-358.6056731923602, -358.2076536855254) : 0
(-358.2076536855254, -357.80963417869054) : 0
(-357.80963417869054, -357.4116146718557) : 0
(-357.4116146718557, -357.0135951650209) : 0
(-357.0135951650209, -356.615575658186) : 0
(-356.615575658186, -356.2175561513512) : 0
(-356.2175561513512, -355.81953664451635) : 0
(-355.81953664451635, -355.4215171376815) : 0
(-355.4215171376815, -355.0234976308467) : 0
(-355.0234976308467, -354.62547812401186) : 0
(-354.62547812401186, -354.22745861717704) : 0
(-354.22745861717704, -353.8294391103422) : 0
(-353.8294391103422, -353.4314196035074) : 0
(-353.4314196035074, -353.0334000966725) : 0
(-353.0334000966725, -352.63538058983767) : 0
(-352.63538058983767, -352.23736108300284) : 0
(-352.23736108300284, -351.839341576168) : 0
(-351.839341576168, -351.4413220693332) : 0
(-351.4413220693332, -351.04330256249835) : 0
(-351.04330256249835, -350.6452830556635) : 0
(-350.6452830556635, -350.24726354882864) : 0
(-350.24726354882864, -349.8492440419938) : 0
(-349.8492440419938, -349.451224535159) : 0
(-349.451224535159, -349.05320502832416) : 0
(-349.05320502832416, -348.65518552148933) : 0
(-348.65518552148933, -348.2571660146545) : 0
(-348.2571660146545, -347.8591465078197) : 0
(-347.8591465078197, -347.46112700098485) : 0
(-347.46112700098485, -347.06310749415) : 0
(-347.06310749415, -346.66508798731513) : 0
(-346.66508798731513, -346.2670684804803) : 0
(-346.2670684804803, -345.8690489736455) : 0
(-345.8690489736455, -345.47102946681065) : 0
(-345.47102946681065, -345.0730099599758) : 0
(-345.0730099599758, -344.674990453141) : 0
(-344.674990453141, -344.27697094630616) : 0
(-344.27697094630616, -343.87895143947134) : 0
(-343.87895143947134, -343.4809319326365) : 0
(-343.4809319326365, -343.0829124258016) : 0
(-343.0829124258016, -342.6848929189668) : 0
(-342.6848929189668, -342.28687341213197) : 0
(-342.28687341213197, -341.88885390529714) : 0
(-341.88885390529714, -341.4908343984623) : 0
(-341.4908343984623, -341.0928148916275) : 0
(-341.0928148916275, -340.69479538479266) : 0
(-340.69479538479266, -340.2967758779578) : 0
(-340.2967758779578, -339.898756371123) : 0
(-339.898756371123, -339.5007368642881) : 0
(-339.5007368642881, -339.1027173574533) : 0
(-339.1027173574533, -338.70469785061846) : 0
(-338.70469785061846, -338.30667834378363) : 0
(-338.30667834378363, -337.9086588369488) : 0
(-337.9086588369488, -337.510639330114) : 0
(-337.510639330114, -337.11261982327915) : 0
(-337.11261982327915, -336.71460031644426) : 0
(-336.71460031644426, -336.31658080960943) : 0
(-336.31658080960943, -335.9185613027746) : 0
(-335.9185613027746, -335.5205417959398) : 0
(-335.5205417959398, -335.12252228910495) : 0
(-335.12252228910495, -334.7245027822701) : 0
(-334.7245027822701, -334.3264832754353) : 0
(-334.3264832754353, -333.92846376860047) : 0
(-333.92846376860047, -333.53044426176564) : 0
(-333.53044426176564, -333.13242475493075) : 0
(-333.13242475493075, -332.7344052480959) : 0
(-332.7344052480959, -332.3363857412611) : 0
(-332.3363857412611, -331.93836623442627) : 0
(-331.93836623442627, -331.54034672759144) : 0
(-331.54034672759144, -331.1423272207566) : 0
(-331.1423272207566, -330.7443077139218) : 0
(-330.7443077139218, -330.34628820708696) : 0
(-330.34628820708696, -329.94826870025213) : 0
(-329.94826870025213, -329.55024919341724) : 0
(-329.55024919341724, -329.1522296865824) : 0
(-329.1522296865824, -328.7542101797476) : 0
(-328.7542101797476, -328.35619067291276) : 0
(-328.35619067291276, -327.95817116607793) : 0
(-327.95817116607793, -327.5601516592431) : 0
(-327.5601516592431, -327.1621321524083) : 0
(-327.1621321524083, -326.7641126455734) : 0
(-326.7641126455734, -326.3660931387386) : 0
(-326.3660931387386, -325.96807363190374) : 0
(-325.96807363190374, -325.5700541250689) : 0
(-325.5700541250689, -325.1720346182341) : 0
(-325.1720346182341, -324.77401511139925) : 0
(-324.77401511139925, -324.3759956045644) : 0
(-324.3759956045644, -323.9779760977296) : 0
(-323.9779760977296, -323.57995659089477) : 0
(-323.57995659089477, -323.1819370840599) : 0
(-323.1819370840599, -322.7839175772251) : 0
(-322.7839175772251, -322.3858980703902) : 0
(-322.3858980703902, -321.9878785635554) : 0
(-321.9878785635554, -321.58985905672057) : 0
(-321.58985905672057, -321.19183954988574) : 0
(-321.19183954988574, -320.7938200430509) : 0
(-320.7938200430509, -320.3958005362161) : 0
(-320.3958005362161, -319.99778102938126) : 0
(-319.99778102938126, -319.5997615225464) : 0
(-319.5997615225464, -319.2017420157116) : 0
(-319.2017420157116, -318.8037225088767) : 0
(-318.8037225088767, -318.4057030020419) : 0
(-318.4057030020419, -318.00768349520706) : 0
(-318.00768349520706, -317.60966398837223) : 0
(-317.60966398837223, -317.2116444815374) : 0
(-317.2116444815374, -316.8136249747026) : 0
(-316.8136249747026, -316.41560546786775) : 0
(-316.41560546786775, -316.01758596103286) : 0
(-316.01758596103286, -315.61956645419804) : 0
(-315.61956645419804, -315.2215469473632) : 0
(-315.2215469473632, -314.8235274405284) : 0
(-314.8235274405284, -314.42550793369355) : 0
(-314.42550793369355, -314.0274884268587) : 0
(-314.0274884268587, -313.6294689200239) : 0
(-313.6294689200239, -313.231449413189) : 0
(-313.231449413189, -312.83342990635424) : 0
(-312.83342990635424, -312.43541039951936) : 0
(-312.43541039951936, -312.0373908926845) : 0
(-312.0373908926845, -311.6393713858497) : 0
(-311.6393713858497, -311.24135187901487) : 0
(-311.24135187901487, -310.84333237218004) : 0
(-310.84333237218004, -310.4453128653452) : 0
(-310.4453128653452, -310.0472933585104) : 0
(-310.0472933585104, -309.6492738516755) : 0
(-309.6492738516755, -309.25125434484073) : 0
(-309.25125434484073, -308.85323483800585) : 0
(-308.85323483800585, -308.455215331171) : 0
(-308.455215331171, -308.0571958243362) : 0
(-308.0571958243362, -307.65917631750136) : 0
(-307.65917631750136, -307.26115681066653) : 0
(-307.26115681066653, -306.8631373038317) : 0
(-306.8631373038317, -306.4651177969969) : 0
(-306.4651177969969, -306.067098290162) : 0
(-306.067098290162, -305.6690787833272) : 0
(-305.6690787833272, -305.27105927649234) : 0
(-305.27105927649234, -304.8730397696575) : 0
(-304.8730397696575, -304.4750202628227) : 0
(-304.4750202628227, -304.07700075598785) : 0
(-304.07700075598785, -303.678981249153) : 0
(-303.678981249153, -303.2809617423182) : 0
(-303.2809617423182, -302.88294223548337) : 0
(-302.88294223548337, -302.4849227286485) : 0
(-302.4849227286485, -302.08690322181366) : 0
(-302.08690322181366, -301.68888371497883) : 0
(-301.68888371497883, -301.290864208144) : 0
(-301.290864208144, -300.8928447013092) : 0
(-300.8928447013092, -300.49482519447434) : 0
(-300.49482519447434, -300.0968056876395) : 0
(-300.0968056876395, -299.6987861808047) : 0
(-299.6987861808047, -299.30076667396986) : 0
(-299.30076667396986, -298.902747167135) : 0
(-298.902747167135, -298.50472766030015) : 0
(-298.50472766030015, -298.1067081534653) : 0
(-298.1067081534653, -297.7086886466305) : 0
(-297.7086886466305, -297.31066913979566) : 0
(-297.31066913979566, -296.91264963296084) : 0
(-296.91264963296084, -296.514630126126) : 0
(-296.514630126126, -296.1166106192911) : 0
(-296.1166106192911, -295.71859111245635) : 0
(-295.71859111245635, -295.32057160562147) : 0
(-295.32057160562147, -294.92255209878664) : 0
(-294.92255209878664, -294.5245325919518) : 0
(-294.5245325919518, -294.126513085117) : 0
(-294.126513085117, -293.72849357828215) : 0
(-293.72849357828215, -293.3304740714473) : 0
(-293.3304740714473, -292.9324545646125) : 0
(-292.9324545646125, -292.5344350577776) : 0
(-292.5344350577776, -292.13641555094284) : 0
(-292.13641555094284, -291.73839604410796) : 0
(-291.73839604410796, -291.34037653727313) : 0
(-291.34037653727313, -290.9423570304383) : 0
(-290.9423570304383, -290.5443375236035) : 0
(-290.5443375236035, -290.14631801676865) : 0
(-290.14631801676865, -289.7482985099338) : 0
(-289.7482985099338, -289.350279003099) : 0
(-289.350279003099, -288.9522594962641) : 0
(-288.9522594962641, -288.5542399894293) : 0
(-288.5542399894293, -288.15622048259445) : 0
(-288.15622048259445, -287.7582009757596) : 0
(-287.7582009757596, -287.3601814689248) : 0
(-287.3601814689248, -286.96216196208997) : 0
(-286.96216196208997, -286.56414245525514) : 0
(-286.56414245525514, -286.1661229484203) : 0
(-286.1661229484203, -285.7681034415855) : 0
(-285.7681034415855, -285.3700839347506) : 0
(-285.3700839347506, -284.97206442791577) : 0
(-284.97206442791577, -284.57404492108094) : 0
(-284.57404492108094, -284.1760254142461) : 0
(-284.1760254142461, -283.7780059074113) : 0
(-283.7780059074113, -283.37998640057646) : 0
(-283.37998640057646, -282.9819668937416) : 0
(-282.9819668937416, -282.58394738690674) : 0
(-282.58394738690674, -282.185927880072) : 0
(-282.185927880072, -281.7879083732371) : 0
(-281.7879083732371, -281.38988886640226) : 0
(-281.38988886640226, -280.99186935956743) : 0
(-280.99186935956743, -280.5938498527326) : 0
(-280.5938498527326, -280.1958303458978) : 0
(-280.1958303458978, -279.79781083906295) : 0
(-279.79781083906295, -279.3997913322281) : 0
(-279.3997913322281, -279.00177182539323) : 0
(-279.00177182539323, -278.60375231855846) : 0
(-278.60375231855846, -278.2057328117236) : 0
(-278.2057328117236, -277.80771330488875) : 0
(-277.80771330488875, -277.4096937980539) : 0
(-277.4096937980539, -277.0116742912191) : 0
(-277.0116742912191, -276.61365478438427) : 0
(-276.61365478438427, -276.21563527754944) : 0
(-276.21563527754944, -275.8176157707146) : 0
(-275.8176157707146, -275.4195962638797) : 0
(-275.4195962638797, -275.02157675704495) : 0
(-275.02157675704495, -274.62355725021007) : 0
(-274.62355725021007, -274.22553774337524) : 0
(-274.22553774337524, -273.8275182365404) : 0
(-273.8275182365404, -273.4294987297056) : 0
(-273.4294987297056, -273.03147922287076) : 0
(-273.03147922287076, -272.63345971603593) : 0
(-272.63345971603593, -272.2354402092011) : 0
(-272.2354402092011, -271.8374207023662) : 0
(-271.8374207023662, -271.4394011955314) : 0
(-271.4394011955314, -271.04138168869656) : 0
(-271.04138168869656, -270.64336218186173) : 0
(-270.64336218186173, -270.2453426750269) : 0
(-270.2453426750269, -269.8473231681921) : 0
(-269.8473231681921, -269.44930366135725) : 0
(-269.44930366135725, -269.05128415452236) : 0
(-269.05128415452236, -268.6532646476876) : 0
(-268.6532646476876, -268.2552451408527) : 0
(-268.2552451408527, -267.85722563401794) : 0
(-267.85722563401794, -267.45920612718305) : 0
(-267.45920612718305, -267.0611866203482) : 0
(-267.0611866203482, -266.6631671135134) : 0
(-266.6631671135134, -266.26514760667857) : 0
(-266.26514760667857, -265.86712809984374) : 0
(-265.86712809984374, -265.46910859300885) : 0
(-265.46910859300885, -265.0710890861741) : 0
(-265.0710890861741, -264.6730695793392) : 0
(-264.6730695793392, -264.27505007250437) : 0
(-264.27505007250437, -263.87703056566954) : 0
(-263.87703056566954, -263.4790110588347) : 0
(-263.4790110588347, -263.0809915519999) : 0
(-263.0809915519999, -262.682972045165) : 0
(-262.682972045165, -262.28495253833023) : 0
(-262.28495253833023, -261.88693303149535) : 0
(-261.88693303149535, -261.4889135246606) : 0
(-261.4889135246606, -261.0908940178257) : 0
(-261.0908940178257, -260.69287451099086) : 0
(-260.69287451099086, -260.29485500415603) : 0
(-260.29485500415603, -259.8968354973212) : 0
(-259.8968354973212, -259.4988159904864) : 0
(-259.4988159904864, -259.1007964836515) : 0
(-259.1007964836515, -258.7027769768167) : 0
(-258.7027769768167, -258.30475746998184) : 0
(-258.30475746998184, -257.90673796314707) : 0
(-257.90673796314707, -257.5087184563122) : 0
(-257.5087184563122, -257.11069894947735) : 0
(-257.11069894947735, -256.7126794426425) : 0
(-256.7126794426425, -256.3146599358077) : 0
(-256.3146599358077, -255.91664042897287) : 0
(-255.91664042897287, -255.518620922138) : 0
(-255.518620922138, -255.12060141530318) : 0
(-255.12060141530318, -254.72258190846836) : 0
(-254.72258190846836, -254.32456240163353) : 0
(-254.32456240163353, -253.92654289479867) : 0
(-253.92654289479867, -253.52852338796384) : 0
(-253.52852338796384, -253.13050388112902) : 0
(-253.13050388112902, -252.7324843742942) : 0
(-252.7324843742942, -252.33446486745933) : 0
(-252.33446486745933, -251.9364453606245) : 0
(-251.9364453606245, -251.53842585378968) : 0
(-251.53842585378968, -251.14040634695485) : 0
(-251.14040634695485, -250.74238684012) : 0
(-250.74238684012, -250.34436733328516) : 0
(-250.34436733328516, -249.94634782645034) : 0
(-249.94634782645034, -249.5483283196155) : 0
(-249.5483283196155, -249.15030881278068) : 0
(-249.15030881278068, -248.75228930594582) : 0
(-248.75228930594582, -248.354269799111) : 0
(-248.354269799111, -247.95625029227617) : 0
(-247.95625029227617, -247.55823078544134) : 0
(-247.55823078544134, -247.16021127860648) : 0
(-247.16021127860648, -246.76219177177165) : 0
(-246.76219177177165, -246.36417226493683) : 0
(-246.36417226493683, -245.966152758102) : 0
(-245.966152758102, -245.56813325126714) : 0
(-245.56813325126714, -245.1701137444323) : 0
(-245.1701137444323, -244.77209423759749) : 0
(-244.77209423759749, -244.37407473076266) : 0
(-244.37407473076266, -243.9760552239278) : 0
(-243.9760552239278, -243.57803571709297) : 0
(-243.57803571709297, -243.18001621025815) : 0
(-243.18001621025815, -242.78199670342332) : 0
(-242.78199670342332, -242.3839771965885) : 0
(-242.3839771965885, -241.98595768975363) : 0
(-241.98595768975363, -241.5879381829188) : 0
(-241.5879381829188, -241.18991867608398) : 0
(-241.18991867608398, -240.79189916924915) : 0
(-240.79189916924915, -240.3938796624143) : 0
(-240.3938796624143, -239.99586015557946) : 0
(-239.99586015557946, -239.59784064874464) : 0
(-239.59784064874464, -239.1998211419098) : 0
(-239.1998211419098, -238.80180163507495) : 0
(-238.80180163507495, -238.40378212824012) : 0
(-238.40378212824012, -238.0057626214053) : 0
(-238.0057626214053, -237.60774311457047) : 0
(-237.60774311457047, -237.2097236077356) : 0
(-237.2097236077356, -236.81170410090078) : 0
(-236.81170410090078, -236.41368459406596) : 0
(-236.41368459406596, -236.01566508723113) : 0
(-236.01566508723113, -235.6176455803963) : 0
(-235.6176455803963, -235.21962607356144) : 0
(-235.21962607356144, -234.82160656672662) : 0
(-234.82160656672662, -234.4235870598918) : 0
(-234.4235870598918, -234.02556755305696) : 0
(-234.02556755305696, -233.6275480462221) : 0
(-233.6275480462221, -233.22952853938727) : 0
(-233.22952853938727, -232.83150903255245) : 0
(-232.83150903255245, -232.43348952571762) : 0
(-232.43348952571762, -232.03547001888276) : 0
(-232.03547001888276, -231.63745051204793) : 0
(-231.63745051204793, -231.2394310052131) : 0
(-231.2394310052131, -230.84141149837828) : 0
(-230.84141149837828, -230.44339199154342) : 0
(-230.44339199154342, -230.0453724847086) : 0
(-230.0453724847086, -229.64735297787377) : 0
(-229.64735297787377, -229.24933347103894) : 0
(-229.24933347103894, -228.8513139642041) : 0
(-228.8513139642041, -228.45329445736925) : 0
(-228.45329445736925, -228.05527495053443) : 0
(-228.05527495053443, -227.6572554436996) : 0
(-227.6572554436996, -227.25923593686477) : 0
(-227.25923593686477, -226.8612164300299) : 0
(-226.8612164300299, -226.46319692319508) : 0
(-226.46319692319508, -226.06517741636026) : 0
(-226.06517741636026, -225.66715790952543) : 0
(-225.66715790952543, -225.26913840269057) : 0
(-225.26913840269057, -224.87111889585574) : 0
(-224.87111889585574, -224.47309938902092) : 0
(-224.47309938902092, -224.0750798821861) : 0
(-224.0750798821861, -223.67706037535126) : 0
(-223.67706037535126, -223.2790408685164) : 0
(-223.2790408685164, -222.88102136168158) : 0
(-222.88102136168158, -222.48300185484675) : 0
(-222.48300185484675, -222.08498234801192) : 0
(-222.08498234801192, -221.68696284117706) : 0
(-221.68696284117706, -221.28894333434224) : 0
(-221.28894333434224, -220.8909238275074) : 0
(-220.8909238275074, -220.49290432067258) : 0
(-220.49290432067258, -220.09488481383772) : 0
(-220.09488481383772, -219.6968653070029) : 0
(-219.6968653070029, -219.29884580016807) : 0
(-219.29884580016807, -218.90082629333324) : 0
(-218.90082629333324, -218.50280678649838) : 0
(-218.50280678649838, -218.10478727966355) : 0
(-218.10478727966355, -217.70676777282873) : 0
(-217.70676777282873, -217.3087482659939) : 0
(-217.3087482659939, -216.91072875915907) : 0
(-216.91072875915907, -216.5127092523242) : 0
(-216.5127092523242, -216.1146897454894) : 0
(-216.1146897454894, -215.71667023865456) : 0
(-215.71667023865456, -215.31865073181973) : 0
(-215.31865073181973, -214.92063122498487) : 0
(-214.92063122498487, -214.52261171815005) : 0
(-214.52261171815005, -214.12459221131522) : 0
(-214.12459221131522, -213.7265727044804) : 0
(-213.7265727044804, -213.32855319764553) : 0
(-213.32855319764553, -212.9305336908107) : 0
(-212.9305336908107, -212.53251418397588) : 0
(-212.53251418397588, -212.13449467714105) : 0
(-212.13449467714105, -211.7364751703062) : 0
(-211.7364751703062, -211.33845566347136) : 0
(-211.33845566347136, -210.94043615663654) : 0
(-210.94043615663654, -210.5424166498017) : 0
(-210.5424166498017, -210.14439714296688) : 0
(-210.14439714296688, -209.74637763613202) : 0
(-209.74637763613202, -209.3483581292972) : 0
(-209.3483581292972, -208.95033862246237) : 0
(-208.95033862246237, -208.55231911562754) : 0
(-208.55231911562754, -208.15429960879268) : 0
(-208.15429960879268, -207.75628010195786) : 0
(-207.75628010195786, -207.35826059512303) : 0
(-207.35826059512303, -206.9602410882882) : 0
(-206.9602410882882, -206.56222158145334) : 0
(-206.56222158145334, -206.16420207461852) : 0
(-206.16420207461852, -205.7661825677837) : 0
(-205.7661825677837, -205.36816306094886) : 0
(-205.36816306094886, -204.97014355411403) : 0
(-204.97014355411403, -204.57212404727917) : 0
(-204.57212404727917, -204.17410454044435) : 0
(-204.17410454044435, -203.77608503360952) : 0
(-203.77608503360952, -203.3780655267747) : 0
(-203.3780655267747, -202.98004601993983) : 0
(-202.98004601993983, -202.582026513105) : 0
(-202.582026513105, -202.18400700627018) : 0
(-202.18400700627018, -201.78598749943535) : 0
(-201.78598749943535, -201.3879679926005) : 0
(-201.3879679926005, -200.98994848576567) : 0
(-200.98994848576567, -200.59192897893084) : 0
(-200.59192897893084, -200.193909472096) : 0
(-200.193909472096, -199.79588996526115) : 0
(-199.79588996526115, -199.39787045842633) : 0
(-199.39787045842633, -198.9998509515915) : 0
(-198.9998509515915, -198.60183144475667) : 0
(-198.60183144475667, -198.20381193792184) : 0
(-198.20381193792184, -197.80579243108699) : 0
(-197.80579243108699, -197.40777292425216) : 0
(-197.40777292425216, -197.00975341741733) : 0
(-197.00975341741733, -196.6117339105825) : 0
(-196.6117339105825, -196.21371440374764) : 0
(-196.21371440374764, -195.81569489691282) : 0
(-195.81569489691282, -195.417675390078) : 0
(-195.417675390078, -195.01965588324316) : 0
(-195.01965588324316, -194.6216363764083) : 0
(-194.6216363764083, -194.22361686957348) : 0
(-194.22361686957348, -193.82559736273865) : 0
(-193.82559736273865, -193.42757785590382) : 0
(-193.42757785590382, -193.02955834906896) : 0
(-193.02955834906896, -192.63153884223414) : 0
(-192.63153884223414, -192.2335193353993) : 0
(-192.2335193353993, -191.83549982856448) : 0
(-191.83549982856448, -191.43748032172965) : 0
(-191.43748032172965, -191.0394608148948) : 0
(-191.0394608148948, -190.64144130805997) : 0
(-190.64144130805997, -190.24342180122514) : 0
(-190.24342180122514, -189.8454022943903) : 0
(-189.8454022943903, -189.44738278755545) : 0
(-189.44738278755545, -189.04936328072063) : 0
(-189.04936328072063, -188.6513437738858) : 0
(-188.6513437738858, -188.25332426705097) : 0
(-188.25332426705097, -187.85530476021611) : 0
(-187.85530476021611, -187.4572852533813) : 0
(-187.4572852533813, -187.05926574654646) : 0
(-187.05926574654646, -186.66124623971163) : 0
(-186.66124623971163, -186.26322673287677) : 0
(-186.26322673287677, -185.86520722604195) : 0
(-185.86520722604195, -185.46718771920712) : 0
(-185.46718771920712, -185.0691682123723) : 0
(-185.0691682123723, -184.67114870553746) : 0
(-184.67114870553746, -184.2731291987026) : 0
(-184.2731291987026, -183.87510969186778) : 0
(-183.87510969186778, -183.47709018503295) : 0
(-183.47709018503295, -183.07907067819812) : 0
(-183.07907067819812, -182.68105117136326) : 0
(-182.68105117136326, -182.28303166452844) : 0
(-182.28303166452844, -181.8850121576936) : 0
(-181.8850121576936, -181.48699265085878) : 0
(-181.48699265085878, -181.08897314402392) : 0
(-181.08897314402392, -180.6909536371891) : 0
(-180.6909536371891, -180.29293413035427) : 0
(-180.29293413035427, -179.89491462351944) : 0
(-179.89491462351944, -179.49689511668458) : 0
(-179.49689511668458, -179.09887560984976) : 0
(-179.09887560984976, -178.70085610301493) : 0
(-178.70085610301493, -178.3028365961801) : 0
(-178.3028365961801, -177.90481708934527) : 0
(-177.90481708934527, -177.50679758251042) : 0
(-177.50679758251042, -177.1087780756756) : 0
(-177.1087780756756, -176.71075856884076) : 0
(-176.71075856884076, -176.31273906200593) : 0
(-176.31273906200593, -175.91471955517108) : 0
(-175.91471955517108, -175.51670004833625) : 0
(-175.51670004833625, -175.11868054150142) : 0
(-175.11868054150142, -174.7206610346666) : 0
(-174.7206610346666, -174.32264152783173) : 0
(-174.32264152783173, -173.9246220209969) : 0
(-173.9246220209969, -173.52660251416208) : 0
(-173.52660251416208, -173.12858300732725) : 0
(-173.12858300732725, -172.73056350049242) : 0
(-172.73056350049242, -172.33254399365757) : 0
(-172.33254399365757, -171.93452448682274) : 0
(-171.93452448682274, -171.5365049799879) : 0
(-171.5365049799879, -171.13848547315308) : 0
(-171.13848547315308, -170.74046596631823) : 0
(-170.74046596631823, -170.3424464594834) : 0
(-170.3424464594834, -169.94442695264857) : 0
(-169.94442695264857, -169.54640744581374) : 0
(-169.54640744581374, -169.14838793897889) : 0
(-169.14838793897889, -168.75036843214406) : 1
(-168.75036843214406, -168.35234892530923) : 0
(-168.35234892530923, -167.9543294184744) : 0
(-167.9543294184744, -167.55630991163954) : 0
(-167.55630991163954, -167.15829040480472) : 0
(-167.15829040480472, -166.7602708979699) : 0
(-166.7602708979699, -166.36225139113506) : 0
(-166.36225139113506, -165.96423188430023) : 0
(-165.96423188430023, -165.56621237746538) : 0
(-165.56621237746538, -165.16819287063055) : 0
(-165.16819287063055, -164.77017336379572) : 0
(-164.77017336379572, -164.3721538569609) : 0
(-164.3721538569609, -163.97413435012604) : 0
(-163.97413435012604, -163.5761148432912) : 0
(-163.5761148432912, -163.17809533645638) : 0
(-163.17809533645638, -162.78007582962155) : 0
(-162.78007582962155, -162.3820563227867) : 0
(-162.3820563227867, -161.98403681595187) : 0
(-161.98403681595187, -161.58601730911704) : 0
(-161.58601730911704, -161.1879978022822) : 0
(-161.1879978022822, -160.78997829544736) : 0
(-160.78997829544736, -160.39195878861253) : 0
(-160.39195878861253, -159.9939392817777) : 0
(-159.9939392817777, -159.59591977494287) : 0
(-159.59591977494287, -159.19790026810804) : 0
(-159.19790026810804, -158.7998807612732) : 0
(-158.7998807612732, -158.40186125443836) : 0
(-158.40186125443836, -158.00384174760353) : 0
(-158.00384174760353, -157.6058222407687) : 0
(-157.6058222407687, -157.20780273393385) : 0
(-157.20780273393385, -156.80978322709902) : 0
(-156.80978322709902, -156.4117637202642) : 0
(-156.4117637202642, -156.01374421342936) : 0
(-156.01374421342936, -155.6157247065945) : 0
(-155.6157247065945, -155.21770519975968) : 0
(-155.21770519975968, -154.81968569292485) : 0
(-154.81968569292485, -154.42166618609002) : 0
(-154.42166618609002, -154.0236466792552) : 0
(-154.0236466792552, -153.62562717242034) : 0
(-153.62562717242034, -153.2276076655855) : 0
(-153.2276076655855, -152.82958815875068) : 0
(-152.82958815875068, -152.43156865191585) : 0
(-152.43156865191585, -152.033549145081) : 0
(-152.033549145081, -151.63552963824617) : 0
(-151.63552963824617, -151.23751013141134) : 0
(-151.23751013141134, -150.8394906245765) : 0
(-150.8394906245765, -150.44147111774166) : 0
(-150.44147111774166, -150.04345161090683) : 0
(-150.04345161090683, -149.645432104072) : 0
(-149.645432104072, -149.24741259723717) : 0
(-149.24741259723717, -148.84939309040232) : 0
(-148.84939309040232, -148.4513735835675) : 0
(-148.4513735835675, -148.05335407673266) : 0
(-148.05335407673266, -147.65533456989783) : 0
(-147.65533456989783, -147.257315063063) : 0
(-147.257315063063, -146.85929555622815) : 0
(-146.85929555622815, -146.46127604939332) : 0
(-146.46127604939332, -146.0632565425585) : 0
(-146.0632565425585, -145.66523703572366) : 0
(-145.66523703572366, -145.2672175288888) : 0
(-145.2672175288888, -144.86919802205398) : 0
(-144.86919802205398, -144.47117851521915) : 0
(-144.47117851521915, -144.07315900838432) : 0
(-144.07315900838432, -143.67513950154947) : 0
(-143.67513950154947, -143.27711999471464) : 0
(-143.27711999471464, -142.8791004878798) : 0
(-142.8791004878798, -142.48108098104498) : 0
(-142.48108098104498, -142.08306147421013) : 0
(-142.08306147421013, -141.6850419673753) : 0
(-141.6850419673753, -141.28702246054047) : 0
(-141.28702246054047, -140.88900295370564) : 0
(-140.88900295370564, -140.4909834468708) : 0
(-140.4909834468708, -140.09296394003596) : 0
(-140.09296394003596, -139.69494443320116) : 0
(-139.69494443320116, -139.29692492636627) : 0
(-139.29692492636627, -138.89890541953145) : 0
(-138.89890541953145, -138.50088591269662) : 0
(-138.50088591269662, -138.1028664058618) : 0
(-138.1028664058618, -137.70484689902696) : 0
(-137.70484689902696, -137.30682739219213) : 0
(-137.30682739219213, -136.9088078853573) : 0
(-136.9088078853573, -136.51078837852248) : 0
(-136.51078837852248, -136.1127688716876) : 0
(-136.1127688716876, -135.71474936485276) : 0
(-135.71474936485276, -135.31672985801794) : 0
(-135.31672985801794, -134.9187103511831) : 0
(-134.9187103511831, -134.52069084434828) : 0
(-134.52069084434828, -134.12267133751345) : 0
(-134.12267133751345, -133.72465183067862) : 0
(-133.72465183067862, -133.3266323238438) : 0
(-133.3266323238438, -132.92861281700897) : 0
(-132.92861281700897, -132.53059331017408) : 0
(-132.53059331017408, -132.13257380333926) : 0
(-132.13257380333926, -131.73455429650443) : 0
(-131.73455429650443, -131.3365347896696) : 0
(-131.3365347896696, -130.93851528283477) : 0
(-130.93851528283477, -130.54049577599994) : 0
(-130.54049577599994, -130.14247626916512) : 0
(-130.14247626916512, -129.7444567623303) : 0
(-129.7444567623303, -129.3464372554954) : 0
(-129.3464372554954, -128.94841774866057) : 0
(-128.94841774866057, -128.55039824182575) : 0
(-128.55039824182575, -128.15237873499092) : 0
(-128.15237873499092, -127.75435922815609) : 0
(-127.75435922815609, -127.35633972132126) : 0
(-127.35633972132126, -126.95832021448643) : 0
(-126.95832021448643, -126.5603007076516) : 0
(-126.5603007076516, -126.16228120081678) : 0
(-126.16228120081678, -125.7642616939819) : 0
(-125.7642616939819, -125.36624218714707) : 0
(-125.36624218714707, -124.96822268031224) : 0
(-124.96822268031224, -124.57020317347741) : 0
(-124.57020317347741, -124.17218366664258) : 0
(-124.17218366664258, -123.77416415980775) : 0
(-123.77416415980775, -123.37614465297293) : 0
(-123.37614465297293, -122.9781251461381) : 0
(-122.9781251461381, -122.58010563930321) : 0
(-122.58010563930321, -122.18208613246838) : 0
(-122.18208613246838, -121.78406662563356) : 0
(-121.78406662563356, -121.38604711879873) : 0
(-121.38604711879873, -120.9880276119639) : 0
(-120.9880276119639, -120.59000810512907) : 0
(-120.59000810512907, -120.19198859829424) : 0
(-120.19198859829424, -119.79396909145942) : 0
(-119.79396909145942, -119.39594958462459) : 0
(-119.39594958462459, -118.9979300777897) : 0
(-118.9979300777897, -118.59991057095488) : 0
(-118.59991057095488, -118.20189106412005) : 0
(-118.20189106412005, -117.80387155728522) : 0
(-117.80387155728522, -117.40585205045039) : 0
(-117.40585205045039, -117.00783254361556) : 0
(-117.00783254361556, -116.60981303678074) : 0
(-116.60981303678074, -116.21179352994591) : 0
(-116.21179352994591, -115.81377402311108) : 0
(-115.81377402311108, -115.4157545162762) : 0
(-115.4157545162762, -115.01773500944137) : 0
(-115.01773500944137, -114.61971550260654) : 0
(-114.61971550260654, -114.22169599577171) : 0
(-114.22169599577171, -113.82367648893688) : 0
(-113.82367648893688, -113.42565698210205) : 0
(-113.42565698210205, -113.02763747526723) : 0
(-113.02763747526723, -112.6296179684324) : 0
(-112.6296179684324, -112.23159846159751) : 0
(-112.23159846159751, -111.83357895476269) : 0
(-111.83357895476269, -111.43555944792786) : 0
(-111.43555944792786, -111.03753994109303) : 0
(-111.03753994109303, -110.6395204342582) : 0
(-110.6395204342582, -110.24150092742337) : 0
(-110.24150092742337, -109.84348142058855) : 0
(-109.84348142058855, -109.44546191375372) : 0
(-109.44546191375372, -109.04744240691889) : 0
(-109.04744240691889, -108.649422900084) : 0
(-108.649422900084, -108.25140339324918) : 0
(-108.25140339324918, -107.85338388641435) : 0
(-107.85338388641435, -107.45536437957952) : 0
(-107.45536437957952, -107.0573448727447) : 0
(-107.0573448727447, -106.65932536590987) : 0
(-106.65932536590987, -106.26130585907504) : 0
(-106.26130585907504, -105.86328635224021) : 0
(-105.86328635224021, -105.46526684540532) : 0
(-105.46526684540532, -105.0672473385705) : 0
(-105.0672473385705, -104.66922783173567) : 0
(-104.66922783173567, -104.27120832490084) : 0
(-104.27120832490084, -103.87318881806601) : 0
(-103.87318881806601, -103.47516931123118) : 0
(-103.47516931123118, -103.07714980439636) : 0
(-103.07714980439636, -102.67913029756153) : 0
(-102.67913029756153, -102.2811107907267) : 0
(-102.2811107907267, -101.88309128389182) : 0
(-101.88309128389182, -101.48507177705699) : 0
(-101.48507177705699, -101.08705227022216) : 1
(-101.08705227022216, -100.68903276338733) : 0
(-100.68903276338733, -100.2910132565525) : 0
(-100.2910132565525, -99.89299374971768) : 0
(-99.89299374971768, -99.49497424288285) : 0
(-99.49497424288285, -99.09695473604802) : 0
(-99.09695473604802, -98.69893522921313) : 0
(-98.69893522921313, -98.3009157223783) : 0
(-98.3009157223783, -97.90289621554348) : 0
(-97.90289621554348, -97.50487670870865) : 0
(-97.50487670870865, -97.10685720187382) : 0
(-97.10685720187382, -96.708837695039) : 0
(-96.708837695039, -96.31081818820417) : 0
(-96.31081818820417, -95.91279868136934) : 0
(-95.91279868136934, -95.51477917453451) : 0
(-95.51477917453451, -95.11675966769963) : 0
(-95.11675966769963, -94.7187401608648) : 0
(-94.7187401608648, -94.32072065402997) : 0
(-94.32072065402997, -93.92270114719514) : 0
(-93.92270114719514, -93.52468164036031) : 0
(-93.52468164036031, -93.12666213352549) : 1
(-93.12666213352549, -92.72864262669066) : 0
(-92.72864262669066, -92.33062311985583) : 0
(-92.33062311985583, -91.93260361302094) : 0
(-91.93260361302094, -91.53458410618612) : 0
(-91.53458410618612, -91.13656459935129) : 0
(-91.13656459935129, -90.73854509251646) : 0
(-90.73854509251646, -90.34052558568163) : 0
(-90.34052558568163, -89.9425060788468) : 1
(-89.9425060788468, -89.54448657201198) : 0
(-89.54448657201198, -89.14646706517715) : 0
(-89.14646706517715, -88.74844755834232) : 0
(-88.74844755834232, -88.35042805150744) : 0
(-88.35042805150744, -87.95240854467261) : 1
(-87.95240854467261, -87.55438903783778) : 0
(-87.55438903783778, -87.15636953100295) : 0
(-87.15636953100295, -86.75835002416812) : 0
(-86.75835002416812, -86.3603305173333) : 0
(-86.3603305173333, -85.96231101049847) : 0
(-85.96231101049847, -85.56429150366364) : 0
(-85.56429150366364, -85.16627199682875) : 0
(-85.16627199682875, -84.76825248999393) : 0
(-84.76825248999393, -84.3702329831591) : 0
(-84.3702329831591, -83.97221347632427) : 0
(-83.97221347632427, -83.57419396948944) : 0
(-83.57419396948944, -83.17617446265461) : 0
(-83.17617446265461, -82.77815495581979) : 0
(-82.77815495581979, -82.38013544898496) : 0
(-82.38013544898496, -81.98211594215013) : 0
(-81.98211594215013, -81.58409643531525) : 0
(-81.58409643531525, -81.18607692848042) : 0
(-81.18607692848042, -80.78805742164559) : 0
(-80.78805742164559, -80.39003791481076) : 0
(-80.39003791481076, -79.99201840797593) : 0
(-79.99201840797593, -79.5939989011411) : 0
(-79.5939989011411, -79.19597939430628) : 0
(-79.19597939430628, -78.79795988747145) : 0
(-78.79795988747145, -78.39994038063656) : 0
(-78.39994038063656, -78.00192087380174) : 0
(-78.00192087380174, -77.60390136696691) : 1
(-77.60390136696691, -77.20588186013208) : 0
(-77.20588186013208, -76.80786235329725) : 1
(-76.80786235329725, -76.40984284646242) : 0
(-76.40984284646242, -76.0118233396276) : 0
(-76.0118233396276, -75.61380383279277) : 1
(-75.61380383279277, -75.21578432595794) : 0
(-75.21578432595794, -74.81776481912306) : 0
(-74.81776481912306, -74.41974531228823) : 0
(-74.41974531228823, -74.0217258054534) : 0
(-74.0217258054534, -73.62370629861857) : 0
(-73.62370629861857, -73.22568679178374) : 0
(-73.22568679178374, -72.82766728494892) : 0
(-72.82766728494892, -72.42964777811409) : 0
(-72.42964777811409, -72.03162827127926) : 0
(-72.03162827127926, -71.63360876444438) : 0
(-71.63360876444438, -71.23558925760955) : 0
(-71.23558925760955, -70.83756975077472) : 0
(-70.83756975077472, -70.43955024393989) : 0
(-70.43955024393989, -70.04153073710506) : 0
(-70.04153073710506, -69.64351123027024) : 0
(-69.64351123027024, -69.2454917234354) : 1
(-69.2454917234354, -68.84747221660058) : 0
(-68.84747221660058, -68.44945270976575) : 0
(-68.44945270976575, -68.05143320293087) : 0
(-68.05143320293087, -67.65341369609604) : 0
(-67.65341369609604, -67.25539418926121) : 0
(-67.25539418926121, -66.85737468242638) : 0
(-66.85737468242638, -66.45935517559155) : 0
(-66.45935517559155, -66.06133566875673) : 0
(-66.06133566875673, -65.6633161619219) : 0
(-65.6633161619219, -65.26529665508707) : 0
(-65.26529665508707, -64.86727714825219) : 0
(-64.86727714825219, -64.46925764141736) : 0
(-64.46925764141736, -64.07123813458253) : 0
(-64.07123813458253, -63.6732186277477) : 1
(-63.6732186277477, -63.27519912091287) : 0
(-63.27519912091287, -62.877179614078045) : 0
(-62.877179614078045, -62.47916010724322) : 0
(-62.47916010724322, -62.08114060040839) : 0
(-62.08114060040839, -61.68312109357356) : 1
(-61.68312109357356, -61.285101586738676) : 0
(-61.285101586738676, -60.88708207990385) : 0
(-60.88708207990385, -60.48906257306902) : 0
(-60.48906257306902, -60.09104306623419) : 0
(-60.09104306623419, -59.693023559399364) : 0
(-59.693023559399364, -59.295004052564536) : 0
(-59.295004052564536, -58.89698454572971) : 0
(-58.89698454572971, -58.49896503889488) : 0
(-58.49896503889488, -58.10094553206005) : 0
(-58.10094553206005, -57.70292602522517) : 0
(-57.70292602522517, -57.30490651839034) : 0
(-57.30490651839034, -56.90688701155551) : 0
(-56.90688701155551, -56.50886750472068) : 0
(-56.50886750472068, -56.110847997885855) : 0
(-56.110847997885855, -55.71282849105103) : 0
(-55.71282849105103, -55.3148089842162) : 0
(-55.3148089842162, -54.91678947738137) : 1
(-54.91678947738137, -54.51876997054649) : 0
(-54.51876997054649, -54.12075046371166) : 0
(-54.12075046371166, -53.72273095687683) : 0
(-53.72273095687683, -53.324711450042) : 0
(-53.324711450042, -52.926691943207175) : 0
(-52.926691943207175, -52.52867243637235) : 0
(-52.52867243637235, -52.13065292953752) : 0
(-52.13065292953752, -51.73263342270269) : 0
(-51.73263342270269, -51.33461391586786) : 0
(-51.33461391586786, -50.93659440903298) : 1
(-50.93659440903298, -50.53857490219815) : 0
(-50.53857490219815, -50.14055539536332) : 0
(-50.14055539536332, -49.742535888528494) : 0
(-49.742535888528494, -49.344516381693666) : 0
(-49.344516381693666, -48.94649687485884) : 0
(-48.94649687485884, -48.54847736802401) : 0
(-48.54847736802401, -48.15045786118918) : 0
(-48.15045786118918, -47.7524383543543) : 0
(-47.7524383543543, -47.35441884751947) : 0
(-47.35441884751947, -46.95639934068464) : 0
(-46.95639934068464, -46.55837983384981) : 0
(-46.55837983384981, -46.160360327014985) : 1
(-46.160360327014985, -45.76234082018016) : 0
(-45.76234082018016, -45.36432131334533) : 0
(-45.36432131334533, -44.9663018065105) : 0
(-44.9663018065105, -44.56828229967567) : 0
(-44.56828229967567, -44.17026279284079) : 0
(-44.17026279284079, -43.77224328600596) : 0
(-43.77224328600596, -43.37422377917113) : 1
(-43.37422377917113, -42.976204272336304) : 0
(-42.976204272336304, -42.578184765501476) : 0
(-42.578184765501476, -42.18016525866665) : 0
(-42.18016525866665, -41.78214575183182) : 0
(-41.78214575183182, -41.38412624499699) : 0
(-41.38412624499699, -40.98610673816211) : 0
(-40.98610673816211, -40.58808723132728) : 0
(-40.58808723132728, -40.19006772449245) : 0
(-40.19006772449245, -39.79204821765762) : 0
(-39.79204821765762, -39.394028710822795) : 0
(-39.394028710822795, -38.99600920398797) : 0
(-38.99600920398797, -38.59798969715314) : 0
(-38.59798969715314, -38.19997019031831) : 0
(-38.19997019031831, -37.80195068348348) : 0
(-37.80195068348348, -37.4039311766486) : 1
(-37.4039311766486, -37.00591166981377) : 0
(-37.00591166981377, -36.60789216297894) : 0
(-36.60789216297894, -36.209872656144114) : 0
(-36.209872656144114, -35.811853149309286) : 0
(-35.811853149309286, -35.41383364247446) : 0
(-35.41383364247446, -35.01581413563963) : 0
(-35.01581413563963, -34.6177946288048) : 0
(-34.6177946288048, -34.21977512196992) : 0
(-34.21977512196992, -33.82175561513509) : 0
(-33.82175561513509, -33.42373610830026) : 1
(-33.42373610830026, -33.02571660146543) : 0
(-33.02571660146543, -32.627697094630605) : 0
(-32.627697094630605, -32.22967758779578) : 1
(-32.22967758779578, -31.83165808096095) : 0
(-31.83165808096095, -31.43363857412612) : 0
(-31.43363857412612, -31.035619067291293) : 1
(-31.035619067291293, -30.637599560456408) : 0
(-30.637599560456408, -30.23958005362158) : 1
(-30.23958005362158, -29.841560546786752) : 0
(-29.841560546786752, -29.443541039951924) : 0
(-29.443541039951924, -29.045521533117096) : 0
(-29.045521533117096, -28.647502026282268) : 0
(-28.647502026282268, -28.24948251944744) : 0
(-28.24948251944744, -27.851463012612612) : 0
(-27.851463012612612, -27.453443505777727) : 0
(-27.453443505777727, -27.0554239989429) : 0
(-27.0554239989429, -26.65740449210807) : 0
(-26.65740449210807, -26.259384985273243) : 1
(-26.259384985273243, -25.861365478438415) : 1
(-25.861365478438415, -25.463345971603587) : 0
(-25.463345971603587, -25.06532646476876) : 1
(-25.06532646476876, -24.66730695793393) : 1
(-24.66730695793393, -24.269287451099103) : 2
(-24.269287451099103, -23.87126794426422) : 0
(-23.87126794426422, -23.47324843742939) : 2
(-23.47324843742939, -23.075228930594562) : 0
(-23.075228930594562, -22.677209423759734) : 1
(-22.677209423759734, -22.279189916924906) : 3
(-22.279189916924906, -21.88117041009008) : 0
(-21.88117041009008, -21.48315090325525) : 3
(-21.48315090325525, -21.085131396420422) : 2
(-21.085131396420422, -20.687111889585537) : 2
(-20.687111889585537, -20.28909238275071) : 3
(-20.28909238275071, -19.89107287591588) : 5
(-19.89107287591588, -19.493053369081053) : 3
(-19.493053369081053, -19.095033862246225) : 2
(-19.095033862246225, -18.697014355411397) : 3
(-18.697014355411397, -18.29899484857657) : 0
(-18.29899484857657, -17.90097534174174) : 2
(-17.90097534174174, -17.502955834906913) : 4
(-17.502955834906913, -17.10493632807203) : 3
(-17.10493632807203, -16.7069168212372) : 5
(-16.7069168212372, -16.308897314402373) : 3
(-16.308897314402373, -15.910877807567545) : 4
(-15.910877807567545, -15.512858300732717) : 6
(-15.512858300732717, -15.114838793897889) : 6
(-15.114838793897889, -14.71681928706306) : 3
(-14.71681928706306, -14.318799780228233) : 1
(-14.318799780228233, -13.920780273393405) : 4
(-13.920780273393405, -13.52276076655852) : 10
(-13.52276076655852, -13.124741259723692) : 3
(-13.124741259723692, -12.726721752888864) : 3
(-12.726721752888864, -12.328702246054036) : 6
(-12.328702246054036, -11.930682739219208) : 4
(-11.930682739219208, -11.53266323238438) : 4
(-11.53266323238438, -11.134643725549552) : 3
(-11.134643725549552, -10.736624218714724) : 5
(-10.736624218714724, -10.338604711879839) : 2
(-10.338604711879839, -9.94058520504501) : 3
(-9.94058520504501, -9.542565698210183) : 4
(-9.542565698210183, -9.144546191375355) : 2
(-9.144546191375355, -8.746526684540527) : 3
(-8.746526684540527, -8.348507177705699) : 1
(-8.348507177705699, -7.950487670870871) : 6
(-7.950487670870871, -7.552468164036043) : 1
(-7.552468164036043, -7.154448657201215) : 8
(-7.154448657201215, -6.75642915036633) : 9
(-6.75642915036633, -6.358409643531502) : 12
(-6.358409643531502, -5.960390136696674) : 21
(-5.960390136696674, -5.562370629861846) : 30
(-5.562370629861846, -5.164351123027018) : 31
(-5.164351123027018, -4.76633161619219) : 56
(-4.76633161619219, -4.368312109357362) : 84
(-4.368312109357362, -3.970292602522534) : 101
(-3.970292602522534, -3.572273095687649) : 127
(-3.572273095687649, -3.174253588852821) : 153
(-3.174253588852821, -2.776234082017993) : 130
(-2.776234082017993, -2.378214575183165) : 71
(-2.378214575183165, -1.980195068348337) : 6
(-1.980195068348337, -1.582175561513509) : 2
(-1.582175561513509, -1.184156054678681) : 1
(-1.184156054678681, -0.7861365478438529) : 0
(-0.7861365478438529, -0.3881170410090249) : 0
(-0.3881170410090249, 0.009902465825859963) : 0
(0.009902465825859963, 0.40792197266068797) : 0
(0.40792197266068797, 0.805941479495516) : 0
(0.805941479495516, 1.203960986330344) : 0
(1.203960986330344, 1.601980493165172) : 0
(1.601980493165172, 2) : 0
(2, 2.398019506834828) : 1
